Date,Open,High,Low,Close,Volume,Adj Close
2016-06-10,9.85,9.94,9.74,9.80,3980800,9.80
2016-06-09,9.93,10.03,9.88,10.02,4451900,10.02
2016-06-08,10.07,10.13,9.97,10.02,1890700,10.02
2016-06-07,9.84,10.15,9.80,10.07,5904500,10.07
2016-06-06,9.71,9.85,9.69,9.81,3929800,9.81
2016-06-03,9.90,9.90,9.67,9.71,2261200,9.71
2016-06-02,9.83,9.92,9.77,9.86,3194200,9.86
2016-06-01,9.79,9.98,9.69,9.95,4226000,9.95
2016-05-31,9.71,9.80,9.69,9.77,3537100,9.77
2016-05-27,9.51,9.68,9.51,9.66,2498600,9.66
2016-05-26,9.52,9.67,9.40,9.51,2386800,9.51
2016-05-25,9.46,9.55,9.42,9.51,2642400,9.51
2016-05-24,9.24,9.46,9.24,9.38,5042300,9.38
2016-05-23,9.22,9.34,9.17,9.18,2547600,9.18
2016-05-20,9.11,9.25,9.05,9.19,3302000,9.19
2016-05-19,9.14,9.25,8.89,9.03,2610300,9.03
2016-05-18,8.90,9.31,8.90,9.21,4639000,9.21
2016-05-17,8.99,9.14,8.90,8.95,2850700,8.95
2016-05-16,9.03,9.11,8.89,9.00,3876400,9.00
2016-05-13,8.95,9.12,8.92,8.95,3481100,8.95
2016-05-12,9.42,9.48,8.85,8.97,4915700,8.97
2016-05-11,9.31,9.57,9.30,9.39,3533400,9.39
2016-05-10,9.17,9.39,9.07,9.38,3996900,9.38
2016-05-09,9.81,9.90,9.00,9.11,7271500,9.11
2016-05-06,9.24,9.42,9.21,9.41,3662100,9.41
2016-05-05,9.35,9.50,9.24,9.29,2771400,9.29
2016-05-04,9.42,9.54,9.20,9.27,2965600,9.27
2016-05-03,9.61,9.64,9.41,9.49,2958700,9.49
2016-05-02,9.49,9.70,9.38,9.68,5912000,9.68
2016-04-29,9.77,9.80,9.38,9.47,3534400,9.47
2016-04-28,9.90,10.07,9.72,9.75,3406400,9.75
2016-04-27,9.91,10.04,9.68,10.00,4252900,10.00
2016-04-26,9.66,10.02,9.66,9.99,10857300,9.99
2016-04-25,9.80,9.91,9.59,9.59,2457500,9.59
2016-04-22,9.76,9.92,9.70,9.83,2799400,9.83
2016-04-21,9.88,9.96,9.80,9.81,3900800,9.81
2016-04-20,9.56,9.92,9.51,9.86,3108100,9.86
2016-04-19,9.74,9.79,9.53,9.58,2752500,9.58
2016-04-18,9.63,9.68,9.53,9.65,2618200,9.65
2016-04-15,9.71,9.77,9.53,9.66,2311500,9.66
2016-04-14,9.68,9.79,9.51,9.75,2501100,9.75
2016-04-13,9.42,9.72,9.41,9.72,1985000,9.72
2016-04-12,9.47,9.50,9.26,9.43,1993400,9.43
2016-04-11,9.57,9.64,9.44,9.46,2260100,9.46
2016-04-08,9.60,9.74,9.46,9.51,1935100,9.51
2016-04-07,9.68,9.73,9.43,9.52,2429200,9.52
2016-04-06,9.56,9.76,9.41,9.75,2911400,9.75
2016-04-05,9.49,9.67,9.48,9.59,2798900,9.59
2016-04-04,9.67,9.72,9.56,9.58,2306200,9.58
2016-04-01,9.50,9.73,9.42,9.70,4044800,9.70
2016-03-31,9.68,9.79,9.57,9.59,4099600,9.59
2016-03-30,9.91,9.92,9.68,9.71,3785800,9.71
2016-03-29,9.35,9.88,9.26,9.88,5904500,9.88
2016-03-28,9.41,9.51,9.28,9.41,2087400,9.41
2016-03-24,9.32,9.40,9.20,9.39,1615600,9.39
2016-03-23,9.48,9.53,9.31,9.38,3829900,9.38
2016-03-22,9.35,9.56,9.31,9.53,2969800,9.53
2016-03-21,9.52,9.52,9.31,9.44,1731500,9.44
2016-03-18,9.27,9.53,9.27,9.48,5841800,9.48
2016-03-17,9.15,9.30,9.11,9.26,1694800,9.26
2016-03-16,9.13,9.22,8.99,9.19,2464500,9.19
2016-03-15,9.08,9.09,8.94,9.08,2030500,9.08
2016-03-14,8.83,9.25,8.83,9.10,3184100,9.10
2016-03-11,8.95,9.26,8.92,9.26,3342600,9.26
2016-03-10,8.96,9.10,8.73,8.88,4569500,8.88
2016-03-09,8.61,8.87,8.61,8.86,3928400,8.86
2016-03-08,8.89,8.99,8.66,8.70,4943700,8.70
2016-03-07,8.85,9.06,8.76,9.01,3592000,9.01
2016-03-04,8.96,9.13,8.77,8.87,4321200,8.87
2016-03-03,8.78,8.96,8.75,8.94,4801700,8.94
2016-03-02,8.61,8.83,8.60,8.82,3991900,8.82
2016-03-01,8.35,8.71,8.35,8.65,4147700,8.65
2016-02-29,8.46,8.57,8.36,8.39,2737100,8.39
2016-02-26,8.32,8.49,8.21,8.39,2339700,8.39
2016-02-25,8.29,8.32,8.11,8.29,3378000,8.29
2016-02-24,7.72,8.30,7.72,8.30,5749500,8.30
2016-02-23,8.00,8.16,7.93,8.02,5810600,8.02
2016-02-22,7.78,7.98,7.78,7.97,4681700,7.97
2016-02-19,7.57,7.81,7.50,7.68,6217800,7.68
2016-02-18,7.94,7.97,7.59,7.61,9800500,7.61
2016-02-17,7.75,7.97,7.55,7.90,6120700,7.90
2016-02-16,7.37,7.65,7.25,7.51,8388300,7.51
2016-02-12,7.15,7.19,6.99,7.07,5676300,7.07
2016-02-11,7.07,7.17,6.97,7.05,6075700,7.05
2016-02-10,7.11,7.31,7.09,7.15,7484900,7.15
2016-02-09,7.31,7.32,6.98,7.08,11642400,7.08
2016-02-08,7.60,7.90,7.26,7.40,8967600,7.40
2016-02-05,8.41,8.50,8.00,8.05,7708900,8.05
2016-02-04,8.11,8.51,8.11,8.49,3347900,8.49
2016-02-03,8.23,8.30,7.99,8.27,3147700,8.27
2016-02-02,8.50,8.59,8.14,8.18,3713200,8.18
2016-02-01,8.50,8.71,8.40,8.67,3191900,8.67
2016-01-29,8.32,8.57,8.26,8.56,6361000,8.56
2016-01-28,8.36,8.44,8.07,8.11,3535200,8.11
2016-01-27,7.86,8.44,7.86,8.25,2613100,8.25
2016-01-26,8.31,8.43,8.26,8.40,3830900,8.40
2016-01-25,8.32,8.49,8.22,8.25,4347300,8.25
2016-01-22,8.50,8.63,8.28,8.34,5319300,8.34
2016-01-21,8.33,8.60,8.25,8.39,7807500,8.39
2016-01-20,7.98,8.36,7.83,8.27,6062000,8.27
2016-01-19,8.34,8.47,7.96,8.07,4572200,8.07
2016-01-15,8.20,8.29,8.01,8.22,6615200,8.22
2016-01-14,8.30,8.65,8.12,8.50,6458500,8.50
2016-01-13,8.55,8.65,8.16,8.30,6126900,8.30
2016-01-12,8.69,8.70,8.38,8.55,3917800,8.55
2016-01-11,8.62,8.72,8.38,8.57,5474600,8.57
2016-01-08,8.60,8.86,8.51,8.53,5103700,8.53
2016-01-07,9.11,9.11,8.55,8.64,9524800,8.64
2016-01-06,9.56,9.63,9.01,9.19,7066800,9.19
2016-01-05,9.82,9.82,9.63,9.68,5727400,9.68
2016-01-04,9.65,9.84,9.50,9.70,4023200,9.70
2015-12-31,9.96,9.97,9.78,9.80,2390900,9.80
2015-12-30,10.15,10.15,9.94,9.95,3025600,9.95
2015-12-29,10.05,10.16,10.00,10.11,3146000,10.11
2015-12-28,10.10,10.10,9.90,10.00,2244000,10.00
2015-12-24,10.14,10.21,10.11,10.14,1606900,10.14
2015-12-23,10.06,10.14,10.00,10.09,3158800,10.09
2015-12-22,10.11,10.15,9.92,10.07,3477600,10.07
2015-12-21,10.12,10.25,10.01,10.09,2127400,10.09
2015-12-18,9.94,10.11,9.85,10.01,5777500,10.01
2015-12-17,10.38,10.42,9.96,9.96,4101200,9.96
2015-12-16,10.32,10.35,10.17,10.32,2550000,10.32
2015-12-15,10.13,10.32,10.12,10.27,5003800,10.27
2015-12-14,10.23,10.62,10.04,10.11,9330500,10.11
2015-12-11,9.92,10.19,9.88,9.90,4837900,9.90
2015-12-10,10.12,10.29,10.07,10.15,6459800,10.15
2015-12-09,10.46,10.49,10.10,10.13,6247300,10.13
2015-12-08,10.51,10.70,10.26,10.46,12626000,10.46
2015-12-07,11.27,11.36,11.21,11.24,6934200,11.24
2015-12-04,11.06,11.40,11.01,11.37,4536500,11.37
2015-12-03,11.42,11.42,10.97,11.08,5814000,11.08
2015-12-02,11.31,11.35,11.10,11.33,9036000,11.33
2015-12-01,11.01,11.28,11.01,11.27,10069900,11.27
2015-11-30,10.73,11.04,10.68,10.96,9517400,10.96
2015-11-27,10.46,10.77,10.46,10.73,2376000,10.73
2015-11-25,10.35,10.55,10.29,10.46,8874100,10.46
2015-11-24,10.14,10.41,10.03,10.35,9719000,10.35
2015-11-23,10.13,10.24,10.07,10.15,6186900,10.15
2015-11-20,10.20,10.29,10.11,10.16,6102700,10.16
2015-11-19,10.20,10.33,9.94,10.10,8826000,10.10
2015-11-18,10.39,10.39,9.53,9.89,29358200,9.89
2015-11-17,10.70,10.90,10.65,10.74,3589400,10.74
2015-11-16,10.71,10.86,10.55,10.67,6126000,10.67
2015-11-13,10.84,10.95,10.68,10.72,6061900,10.72
2015-11-12,11.12,11.24,10.85,10.85,4437400,10.85
2015-11-11,11.29,11.42,11.19,11.23,4105400,11.23
2015-11-10,11.37,11.39,11.20,11.22,3293500,11.22
2015-11-09,11.57,11.60,11.39,11.51,2913700,11.51
2015-11-06,11.27,11.62,11.25,11.60,3044000,11.60
2015-11-05,11.50,11.60,11.20,11.28,5043500,11.28
2015-11-04,11.29,11.55,11.10,11.54,4742100,11.54
2015-11-03,11.09,11.30,11.07,11.21,3980600,11.21
2015-11-02,10.97,11.25,10.90,11.18,4221900,11.18
2015-10-30,11.03,11.38,10.82,11.00,11878200,11.00
2015-10-29,10.70,10.70,10.20,10.28,11795400,10.28
2015-10-28,10.84,11.05,10.79,11.03,5186100,11.03
2015-10-27,10.91,10.99,10.75,10.81,3693200,10.81
2015-10-26,11.39,11.46,10.89,10.99,3969800,10.99
2015-10-23,11.00,11.59,10.73,11.48,8640200,11.48
2015-10-22,10.51,10.89,10.40,10.88,4909400,10.88
2015-10-21,10.63,10.74,10.28,10.30,4229900,10.30
2015-10-20,10.34,10.64,10.34,10.56,3509000,10.56
2015-10-19,10.50,10.64,10.33,10.39,3517500,10.39
2015-10-16,10.58,10.63,10.28,10.49,3855700,10.49
2015-10-15,10.76,10.89,10.32,10.60,8203200,10.60
2015-10-14,9.99,10.97,9.99,10.74,12539700,10.74
2015-10-13,9.82,10.13,9.81,10.03,6378200,10.03
2015-10-12,9.98,10.12,9.82,9.89,5741100,9.89
2015-10-09,10.27,10.37,9.98,10.00,4309600,10.00
2015-10-08,10.25,10.37,10.04,10.30,4053200,10.30
2015-10-07,10.00,10.32,9.90,10.28,8798200,10.28
2015-10-06,9.85,10.00,9.81,9.89,5932500,9.89
2015-10-05,9.59,9.87,9.56,9.83,3926300,9.83
2015-10-02,9.14,9.53,9.06,9.53,3536600,9.53
2015-10-01,9.40,9.51,9.09,9.29,3314200,9.29
2015-09-30,9.40,9.52,9.24,9.40,4902500,9.40
2015-09-29,8.99,9.23,8.92,9.08,3365100,9.08
2015-09-28,9.20,9.25,8.93,8.97,4132100,8.97
2015-09-25,9.37,9.57,9.26,9.33,3707000,9.33
2015-09-24,9.27,9.35,8.90,9.26,5603000,9.26
2015-09-23,9.52,9.58,9.35,9.38,2136800,9.38
2015-09-22,9.60,9.67,9.40,9.50,4296500,9.50
2015-09-21,10.12,10.12,9.76,9.78,3334800,9.78
2015-09-18,10.02,10.19,9.83,9.92,4949100,9.92
2015-09-17,10.22,10.40,10.14,10.17,2779700,10.17
2015-09-16,10.21,10.32,10.12,10.25,2580200,10.25
2015-09-15,10.15,10.30,10.04,10.23,2368100,10.23
2015-09-14,10.30,10.30,10.04,10.08,2031000,10.08
2015-09-11,9.79,10.24,9.79,10.22,5874700,10.22
2015-09-10,10.14,10.31,9.90,10.14,6157700,10.14
2015-09-09,10.50,10.63,10.16,10.23,5129600,10.23
2015-09-08,10.00,10.52,9.94,10.47,8559200,10.47
2015-09-04,9.67,9.84,9.62,9.66,3179200,9.66
2015-09-03,9.44,9.95,9.41,9.86,6597900,9.86
2015-09-02,9.49,9.53,9.13,9.37,4422500,9.37
2015-09-01,9.29,9.56,9.16,9.22,4056900,9.22
2015-08-31,9.86,9.91,9.55,9.56,6670500,9.56
2015-08-28,9.79,9.95,9.75,9.88,3736500,9.88
2015-08-27,9.59,9.87,9.50,9.79,8061800,9.79
2015-08-26,9.14,9.48,8.89,9.44,5850200,9.44
2015-08-25,9.35,9.36,8.89,8.89,6560600,8.89
2015-08-24,8.50,9.37,8.40,8.95,6453500,8.95
2015-08-21,9.20,9.43,9.09,9.18,7429400,9.18
2015-08-20,9.57,9.91,9.23,9.27,3513200,9.27
2015-08-19,9.90,9.93,9.58,9.67,2892100,9.67
2015-08-18,10.04,10.09,9.83,9.85,3845300,9.85
2015-08-17,9.92,10.12,9.80,10.10,2566900,10.10
2015-08-14,9.78,9.92,9.70,9.91,2984000,9.91
2015-08-13,10.07,10.11,9.85,9.87,2561100,9.87
2015-08-12,9.88,10.13,9.72,10.10,4797700,10.10
2015-08-11,10.31,10.38,9.99,10.01,5813200,10.01
2015-08-10,10.17,10.52,10.14,10.43,3898100,10.43
2015-08-07,10.12,10.35,10.05,10.25,4393000,10.25
2015-08-06,10.09,10.29,10.05,10.16,4855800,10.16
2015-08-05,10.27,10.48,10.24,10.31,6224100,10.31
2015-08-04,10.17,10.30,9.87,10.21,14133600,10.21
2015-08-03,10.55,10.89,10.30,10.34,11218000,10.34
2015-07-31,10.67,10.79,10.56,10.62,4559900,10.62
2015-07-30,10.69,10.80,10.60,10.72,3859000,10.72
2015-07-29,10.55,10.76,10.47,10.73,6065900,10.73
2015-07-28,10.23,10.63,10.09,10.54,8670800,10.54
2015-07-27,10.20,10.35,10.03,10.14,5424100,10.14
2015-07-24,10.61,10.61,10.28,10.31,5472200,10.31
2015-07-23,10.39,10.70,10.39,10.53,6931300,10.53
2015-07-22,10.49,10.50,10.21,10.30,11986700,10.30
2015-07-21,10.71,10.93,10.64,10.84,5064100,10.84
2015-07-20,10.80,10.93,10.72,10.74,4261700,10.74
2015-07-17,10.89,10.94,10.71,10.87,5906100,10.87
2015-07-16,10.89,11.11,10.74,10.86,12304200,10.86
2015-07-15,11.24,11.30,11.01,11.08,6557500,11.08
2015-07-14,11.15,11.29,11.10,11.22,5521000,11.22
2015-07-13,11.31,11.34,11.04,11.17,6219200,11.17
2015-07-10,11.04,11.35,10.88,11.34,7221300,11.34
2015-07-09,11.19,11.25,10.85,10.90,8991400,10.90
2015-07-08,11.20,11.35,10.93,11.06,8061000,11.06
2015-07-07,11.32,11.36,10.85,11.35,5840200,11.35
2015-07-06,11.32,11.48,11.13,11.26,4234500,11.26
2015-07-02,11.62,11.64,11.36,11.46,4866900,11.46
2015-07-01,11.76,11.86,11.52,11.57,4952600,11.57
2015-06-30,11.80,11.97,11.66,11.69,4275200,11.69
2015-06-29,11.89,12.09,11.65,11.72,5730800,11.72
2015-06-26,12.46,12.51,11.93,12.00,10679500,12.00
2015-06-25,12.58,12.71,12.48,12.51,2948100,12.51
2015-06-24,12.54,12.71,12.45,12.52,5505000,12.52
2015-06-23,12.57,12.65,12.40,12.58,5162000,12.58
2015-06-22,12.63,12.66,12.43,12.55,3105800,12.55
2015-06-19,12.61,12.67,12.37,12.51,5488200,12.51
2015-06-18,12.41,12.62,12.35,12.59,4928900,12.59
2015-06-17,12.51,12.51,12.17,12.37,6328200,12.37
2015-06-16,12.57,12.65,12.37,12.51,4264400,12.51
2015-06-15,12.28,12.48,12.08,12.41,5073200,12.41
2015-06-12,12.38,12.55,12.17,12.39,6225600,12.39
2015-06-11,12.69,12.83,12.62,12.78,5922200,12.78
2015-06-10,12.56,12.73,12.41,12.64,6783900,12.64
2015-06-09,12.51,12.63,12.37,12.47,8315800,12.47
2015-06-08,13.01,13.02,12.39,12.48,6491300,12.48
2015-06-05,12.88,12.96,12.73,12.93,3744500,12.93
2015-06-04,13.21,13.26,12.84,12.88,7788000,12.88
2015-06-03,13.50,13.50,13.20,13.26,32642000,13.26
2015-06-02,13.01,13.01,12.76,12.98,11354400,12.98
2015-06-01,13.25,13.36,13.06,13.09,3963200,13.09
2015-05-29,13.01,13.33,12.97,13.26,5035200,13.26
2015-05-28,12.96,13.27,12.91,12.99,3756300,12.99
2015-05-27,12.49,13.12,12.45,13.01,4857800,13.01
2015-05-26,12.60,12.65,12.39,12.47,2497800,12.47
2015-05-22,12.67,12.78,12.53,12.66,2067800,12.66
2015-05-21,12.63,12.65,12.48,12.57,2118400,12.57
2015-05-20,12.76,12.89,12.60,12.61,3488500,12.61
2015-05-19,12.87,12.94,12.70,12.77,3742300,12.77
2015-05-18,12.57,12.84,12.57,12.81,2716000,12.81
2015-05-15,12.63,12.73,12.46,12.61,3894900,12.61
2015-05-14,12.45,12.55,12.30,12.44,3256900,12.44
2015-05-13,12.50,12.64,12.26,12.37,4061700,12.37
2015-05-12,12.30,12.46,12.16,12.41,2955300,12.41
2015-05-11,12.31,12.53,12.27,12.43,2572000,12.43
2015-05-08,12.20,12.36,12.10,12.30,2971000,12.30
2015-05-07,12.07,12.22,11.96,12.09,3860600,12.09
2015-05-06,12.14,12.32,11.93,12.10,2628100,12.10
2015-05-05,12.31,12.46,12.04,12.06,5235800,12.06
2015-05-04,12.64,13.12,12.43,12.50,13465600,12.50
2015-05-01,11.60,11.88,11.57,11.81,5236900,11.81
2015-04-30,11.68,11.75,11.50,11.52,2390000,11.52
2015-04-29,11.46,11.70,11.39,11.67,2075400,11.67
2015-04-28,11.56,11.70,11.47,11.56,3348900,11.56
2015-04-27,11.69,11.88,11.48,11.59,3074900,11.59
2015-04-24,12.25,12.25,11.31,11.62,8253100,11.62
2015-04-23,11.86,12.36,11.71,12.25,6275800,12.25
2015-04-22,12.23,12.51,12.14,12.36,6454000,12.36
2015-04-21,11.88,12.22,11.76,12.17,5632200,12.17
2015-04-20,11.88,11.95,11.74,11.81,3513000,11.81
2015-04-17,12.35,12.35,11.66,11.84,4353600,11.84
2015-04-16,11.93,12.40,11.86,12.37,7828800,12.37
2015-04-15,11.54,12.00,11.46,11.94,4960400,11.94
2015-04-14,11.65,11.67,11.42,11.46,2664900,11.46
2015-04-13,11.53,11.74,11.51,11.64,2112900,11.64
2015-04-10,11.55,11.59,11.48,11.58,1858500,11.58
2015-04-09,11.48,11.59,11.42,11.57,2148200,11.57
2015-04-08,11.57,11.65,11.46,11.52,2957700,11.52
2015-04-07,11.58,11.78,11.45,11.54,3774000,11.54
2015-04-06,11.50,11.64,11.40,11.54,3067100,11.54
2015-04-02,11.45,11.80,11.45,11.70,6482400,11.70
2015-04-01,11.51,11.55,11.08,11.49,21684800,11.49
2015-03-31,12.08,12.18,11.99,12.11,10621300,12.11
2015-03-30,11.85,12.17,11.83,12.13,11237700,12.13
2015-03-27,11.66,11.91,11.56,11.80,7660300,11.80
2015-03-26,11.71,11.79,11.43,11.63,9095800,11.63
2015-03-25,12.39,12.45,11.82,11.91,12645600,11.91
2015-03-24,12.67,12.67,12.36,12.38,8405000,12.38
2015-03-23,12.88,12.94,12.69,12.70,3117700,12.70
2015-03-20,12.85,12.96,12.75,12.93,5490700,12.93
2015-03-19,12.69,12.78,12.61,12.73,2683600,12.73
2015-03-18,12.61,12.80,12.49,12.76,3989800,12.76
2015-03-17,12.79,12.79,12.50,12.66,4504600,12.66
2015-03-16,12.59,12.85,12.55,12.84,5771200,12.84
2015-03-13,12.52,12.75,12.50,12.55,6032300,12.55
2015-03-12,12.67,12.73,12.55,12.66,6143200,12.66
2015-03-11,12.72,12.86,12.60,12.68,7069500,12.68
2015-03-10,12.78,12.90,12.67,12.74,4797300,12.74
2015-03-09,12.93,13.06,12.77,12.90,4789700,12.90
2015-03-06,13.00,13.15,12.83,12.90,7560600,12.90
2015-03-05,13.04,13.13,12.99,13.04,6049200,13.04
2015-03-04,12.77,13.04,12.75,13.02,7430900,13.02
2015-03-03,13.12,13.19,12.85,12.87,7074800,12.87
2015-03-02,12.84,13.31,12.82,13.16,12817200,13.16
2015-02-27,12.91,13.04,12.68,12.75,7390300,12.75
2015-02-26,12.30,13.07,12.30,12.86,18745400,12.86
2015-02-25,12.25,12.30,11.89,12.02,10657600,12.02
2015-02-24,12.04,12.34,11.99,12.24,6444800,12.24
2015-02-23,11.94,12.04,11.78,12.02,10867000,12.02
2015-02-20,11.95,12.08,11.77,12.02,9427800,12.02
2015-02-19,12.13,12.20,11.85,11.91,7429200,11.91
2015-02-18,12.02,12.23,11.93,12.16,6527900,12.16
2015-02-17,11.85,12.08,11.85,11.99,5725500,11.99
2015-02-13,11.65,11.95,11.62,11.95,5979900,11.95
2015-02-12,11.57,11.69,11.47,11.61,7637200,11.61
2015-02-11,11.61,11.71,11.47,11.55,7940500,11.55
2015-02-10,11.60,11.65,11.52,11.60,9908900,11.60
2015-02-09,11.26,11.67,11.21,11.54,10411000,11.54
2015-02-06,10.63,11.87,10.63,11.39,23390500,11.39
2015-02-05,10.42,10.46,10.24,10.27,8785500,10.27
2015-02-04,10.18,10.47,10.14,10.39,4962600,10.39
2015-02-03,10.00,10.25,9.92,10.25,4729000,10.25
2015-02-02,10.02,10.18,9.73,9.94,6143900,9.94
2015-01-30,9.94,10.30,9.94,10.01,4787300,10.01
2015-01-29,10.12,10.33,9.89,10.03,7446200,10.03
2015-01-28,10.15,10.27,10.06,10.10,5145700,10.10
2015-01-27,9.99,10.14,9.84,10.03,6339100,10.03
2015-01-26,10.07,10.28,9.96,10.16,6034100,10.16
2015-01-23,10.09,10.12,9.94,10.07,5592200,10.07
2015-01-22,9.97,10.16,9.78,10.13,6152800,10.13
2015-01-21,9.94,10.17,9.82,9.93,6859200,9.93
2015-01-20,9.90,10.00,9.82,9.96,3705200,9.96
2015-01-16,9.67,9.85,9.65,9.84,5302900,9.84
2015-01-15,10.00,10.13,9.67,9.68,5663600,9.68
2015-01-14,9.98,10.12,9.84,9.97,5549000,9.97
2015-01-13,10.46,10.60,10.01,10.08,6380700,10.08
2015-01-12,10.36,10.45,10.12,10.39,6298100,10.39
2015-01-09,10.38,10.49,10.18,10.36,4546600,10.36
2015-01-08,10.19,10.46,10.18,10.37,8890100,10.37
2015-01-07,10.05,10.23,10.00,10.12,5211400,10.12
2015-01-06,10.10,10.14,9.70,9.96,9145000,9.96
2015-01-05,10.18,10.20,9.89,9.93,3619300,9.93
2015-01-02,10.18,10.27,10.05,10.20,3009400,10.20
2014-12-31,10.14,10.27,10.10,10.13,2741600,10.13
2014-12-30,10.13,10.19,10.03,10.10,2322100,10.10
2014-12-29,10.20,10.23,10.12,10.20,1435500,10.20
2014-12-26,10.21,10.25,10.13,10.21,1313600,10.21
2014-12-24,10.20,10.24,10.11,10.22,1075300,10.22
2014-12-23,10.20,10.32,10.15,10.17,2992900,10.17
2014-12-22,10.06,10.29,10.04,10.21,3780400,10.21
2014-12-19,10.07,10.10,9.89,10.08,4401000,10.08
2014-12-18,9.86,10.05,9.76,10.04,7276800,10.04
2014-12-17,9.57,9.69,9.43,9.66,7551700,9.66
2014-12-16,9.55,9.86,9.54,9.57,4281500,9.57
2014-12-15,9.77,9.92,9.61,9.64,4151000,9.64
2014-12-12,9.75,9.83,9.64,9.65,4589700,9.65
2014-12-11,9.78,9.94,9.72,9.77,4156900,9.77
2014-12-10,10.15,10.15,9.70,9.73,6846900,9.73
2014-12-09,9.94,10.04,9.82,10.01,7513900,10.01
2014-12-08,10.14,10.18,9.89,10.01,8609600,10.01
2014-12-05,9.89,10.44,9.86,10.22,21150500,10.22
2014-12-04,9.84,10.01,9.79,9.84,10393100,9.84
2014-12-03,9.45,9.86,9.43,9.80,11979500,9.80
2014-12-02,9.53,9.66,9.38,9.45,6890500,9.45
2014-12-01,9.28,9.65,9.25,9.54,11436700,9.54
2014-11-28,9.10,9.10,8.99,9.03,1309700,9.03
2014-11-26,8.80,9.09,8.80,9.08,3632200,9.08
2014-11-25,8.84,8.91,8.78,8.83,3493600,8.83
2014-11-24,8.60,8.84,8.59,8.82,4111300,8.82
2014-11-21,8.56,8.62,8.47,8.62,4162200,8.62
2014-11-20,8.00,8.56,8.00,8.46,3506600,8.46
2014-11-19,8.55,8.55,8.38,8.46,5219000,8.46
2014-11-18,8.41,8.55,8.38,8.52,4376200,8.52
2014-11-17,8.27,8.48,8.16,8.39,7551300,8.39
2014-11-14,8.20,8.31,8.08,8.29,1969500,8.29
2014-11-13,8.29,8.38,8.18,8.19,2583100,8.19
2014-11-12,8.20,8.31,8.17,8.29,3111200,8.29
2014-11-11,8.23,8.33,8.21,8.28,6306000,8.28
2014-11-10,8.24,8.33,8.23,8.25,2531100,8.25
2014-11-07,8.25,8.30,8.14,8.25,6706600,8.25
2014-11-06,8.18,8.30,8.15,8.28,4552900,8.28
2014-11-05,8.06,8.24,8.02,8.21,6669700,8.21
2014-11-04,8.15,8.19,7.99,8.09,7203000,8.09
2014-11-03,8.43,8.43,8.10,8.17,8005300,8.17
2014-10-31,8.52,8.74,8.16,8.29,14030300,8.29
2014-10-30,8.00,8.13,7.85,8.01,14832800,8.01
2014-10-29,8.16,8.19,8.02,8.15,4799300,8.15
2014-10-28,8.04,8.17,8.01,8.16,4084200,8.16
2014-10-27,7.91,7.98,7.84,7.95,4082800,7.95
2014-10-24,7.79,8.03,7.72,7.95,7274700,7.95
2014-10-23,7.81,7.89,7.74,7.81,5095200,7.81
2014-10-22,7.87,7.96,7.72,7.72,8618100,7.72
2014-10-21,7.55,7.84,7.55,7.79,7889600,7.79
2014-10-20,7.39,7.56,7.32,7.48,5202300,7.48
2014-10-17,7.35,7.61,7.32,7.44,11931600,7.44
2014-10-16,6.88,7.27,6.87,7.19,13810900,7.19
2014-10-15,6.80,7.07,6.76,6.99,10661200,6.99
2014-10-14,7.08,7.18,6.88,6.97,16284600,6.97
2014-10-13,7.34,7.42,6.93,6.94,17335000,6.94
2014-10-10,8.07,8.07,7.48,7.48,16742000,7.48
2014-10-09,8.63,8.68,8.36,8.37,6765600,8.37
2014-10-08,8.51,8.69,8.33,8.68,5921500,8.68
2014-10-07,8.75,8.79,8.50,8.50,7330100,8.50
2014-10-06,8.95,9.22,8.79,8.80,4957000,8.80
2014-10-03,8.87,8.97,8.83,8.95,7060900,8.95
2014-10-02,8.76,8.86,8.63,8.80,6666300,8.80
2014-10-01,8.91,8.94,8.73,8.77,6451100,8.77
2014-09-30,9.25,9.26,8.88,8.94,10632300,8.94
2014-09-29,9.22,9.41,9.20,9.26,5151000,9.26
2014-09-26,9.39,9.41,9.29,9.32,3252000,9.32
2014-09-25,9.50,9.60,9.32,9.33,6064800,9.33
2014-09-24,9.66,9.66,9.48,9.55,5925300,9.55
2014-09-23,9.34,9.57,9.34,9.47,7546700,9.47
2014-09-22,9.73,9.73,9.56,9.60,7717200,9.60
2014-09-19,9.92,9.92,9.76,9.78,7951000,9.78
2014-09-18,9.80,9.90,9.76,9.84,3856200,9.84
2014-09-17,9.67,9.84,9.66,9.75,7915800,9.75
2014-09-16,9.46,9.68,9.39,9.66,8118600,9.66
2014-09-15,9.60,9.61,9.42,9.47,7777500,9.47
2014-09-12,9.72,9.76,9.59,9.64,5860500,9.64
2014-09-11,9.67,9.75,9.58,9.71,6527100,9.71
2014-09-10,9.57,9.76,9.53,9.69,14484800,9.69
2014-09-09,9.88,9.91,9.75,9.82,8313300,9.82
2014-09-08,9.85,9.94,9.84,9.91,6761600,9.91
2014-09-05,9.84,9.91,9.79,9.88,7199300,9.88
2014-09-04,9.80,9.93,9.80,9.88,6289000,9.88
2014-09-03,9.83,9.83,9.73,9.78,5392100,9.78
2014-09-02,9.81,9.82,9.72,9.79,5587900,9.79
2014-08-29,9.69,9.82,9.69,9.76,5929200,9.76
2014-08-28,9.51,9.66,9.43,9.66,4237300,9.66
2014-08-27,9.55,9.61,9.41,9.53,5210000,9.53
2014-08-26,9.50,9.62,9.48,9.53,6424400,9.53
2014-08-25,9.49,9.52,9.38,9.44,3637400,9.44
2014-08-22,9.41,9.61,9.36,9.47,5211800,9.47
2014-08-21,9.22,9.47,9.12,9.44,8360600,9.44
2014-08-20,9.11,9.25,9.05,9.20,6049600,9.20
2014-08-19,8.95,9.12,8.87,9.05,7660600,9.05
2014-08-18,8.85,8.95,8.74,8.92,4333100,8.92
2014-08-15,8.70,8.82,8.65,8.81,4002500,8.81
2014-08-14,8.67,8.76,8.64,8.70,4017100,8.70
2014-08-13,8.62,8.73,8.61,8.63,3414500,8.63
2014-08-12,8.55,8.75,8.45,8.62,4339300,8.62
2014-08-11,8.51,8.68,8.50,8.58,2777000,8.58
2014-08-08,8.34,8.51,8.32,8.46,6033600,8.46
2014-08-07,8.70,8.78,8.33,8.34,6619000,8.34
2014-08-06,8.62,8.70,8.54,8.67,4173400,8.67
2014-08-05,8.50,8.73,8.50,8.64,6687000,8.64
2014-08-04,8.79,8.88,8.52,8.53,7222900,8.53
2014-08-01,8.60,8.97,8.53,8.79,9765900,8.79
2014-07-31,8.73,8.80,8.56,8.56,7207000,8.56
2014-07-30,8.77,8.87,8.74,8.81,4779300,8.81
2014-07-29,8.80,8.84,8.67,8.69,4338800,8.69
2014-07-28,8.66,8.84,8.52,8.80,6947700,8.80
2014-07-25,9.03,9.15,8.63,8.66,9838400,8.66
2014-07-24,9.12,9.16,8.99,9.09,8332300,9.09
2014-07-23,9.66,9.66,9.09,9.09,15186800,9.09
2014-07-22,9.47,9.71,9.44,9.65,8800500,9.65
2014-07-21,9.30,9.54,9.26,9.44,6592300,9.44
2014-07-18,9.08,9.35,9.03,9.34,6973400,9.34
2014-07-17,9.26,9.27,9.03,9.04,6455000,9.04
2014-07-16,9.16,9.31,9.13,9.27,9309600,9.27
2014-07-15,9.19,9.19,9.02,9.11,3840800,9.11
2014-07-14,9.19,9.19,9.05,9.05,3956600,9.05
2014-07-11,9.08,9.19,9.03,9.12,4071000,9.12
2014-07-10,9.05,9.20,8.95,9.11,3044400,9.11
2014-07-09,9.19,9.23,9.06,9.13,4053400,9.13
2014-07-08,9.23,9.27,9.06,9.19,7131100,9.19
2014-07-07,9.36,9.40,9.22,9.25,4329700,9.25
2014-07-03,9.36,9.40,9.32,9.38,3262000,9.38
2014-07-02,9.29,9.44,9.27,9.32,4633400,9.32
2014-07-01,9.19,9.41,9.16,9.27,7006700,9.27
2014-06-30,9.10,9.15,9.04,9.14,3449900,9.14
2014-06-27,9.02,9.12,9.01,9.09,7131100,9.09
2014-06-26,9.08,9.10,8.92,9.01,6604400,9.01
2014-06-25,8.93,9.09,8.90,9.07,6392600,9.07
2014-06-24,9.13,9.16,8.95,8.95,8323300,8.95
2014-06-23,9.18,9.19,9.10,9.14,4678800,9.14
2014-06-20,9.10,9.19,9.05,9.13,4819600,9.13
2014-06-19,9.06,9.13,8.95,9.08,4670000,9.08
2014-06-18,9.17,9.19,8.98,9.05,6696700,9.05
2014-06-17,9.03,9.29,9.02,9.18,8364600,9.18
2014-06-16,9.16,9.16,8.97,8.98,5519300,8.98
2014-06-13,9.04,9.16,8.97,9.14,6579100,9.14
2014-06-12,9.07,9.17,8.88,8.97,5479500,8.97
2014-06-11,9.03,9.14,9.01,9.06,6830400,9.06
2014-06-10,9.20,9.32,8.95,9.06,14135700,9.06
2014-06-09,8.93,9.16,8.93,8.98,4918000,8.98
2014-06-06,9.00,9.07,8.90,8.92,2963100,8.92
2014-06-05,8.97,9.01,8.80,8.95,4831700,8.95
2014-06-04,8.82,8.98,8.79,8.96,6661200,8.96
2014-06-03,8.64,8.85,8.62,8.81,5375900,8.81
2014-06-02,8.76,8.82,8.52,8.66,4597700,8.66
2014-05-30,8.75,8.81,8.67,8.69,3938300,8.69
2014-05-29,8.72,8.83,8.69,8.70,6493500,8.70
2014-05-28,8.76,8.80,8.65,8.69,6197700,8.69
2014-05-27,8.60,8.79,8.54,8.73,7339800,8.73
2014-05-23,8.49,8.67,8.45,8.54,7245100,8.54
2014-05-22,8.46,8.57,8.40,8.51,6847200,8.51
2014-05-21,8.60,8.60,8.36,8.45,4751400,8.45
2014-05-20,8.57,8.61,8.38,8.42,6929900,8.42
2014-05-19,8.43,8.64,8.40,8.57,5080700,8.57
2014-05-16,8.48,8.56,8.40,8.45,6255600,8.45
2014-05-15,8.53,8.55,8.22,8.43,10265700,8.43
2014-05-14,8.56,8.65,8.47,8.54,9652800,8.54
2014-05-13,8.78,8.87,8.65,8.71,9717900,8.71
2014-05-12,8.84,8.84,8.60,8.78,12612900,8.78
2014-05-09,8.60,8.86,8.60,8.70,11017800,8.70
2014-05-08,8.90,9.21,8.84,8.85,11658300,8.85
2014-05-07,8.96,9.01,8.85,8.93,6301400,8.93
2014-05-06,8.77,9.11,8.77,8.95,6764500,8.95
2014-05-05,8.78,9.01,8.76,9.00,6579200,9.00
2014-05-02,8.87,9.03,8.40,8.88,23854500,8.88
2014-05-01,9.45,9.60,9.24,9.38,7917500,9.38
2014-04-30,9.38,9.44,9.25,9.41,5740600,9.41
2014-04-29,9.32,9.41,9.27,9.38,3557700,9.38
2014-04-28,9.56,9.58,9.13,9.27,4959500,9.27
2014-04-25,9.79,9.79,9.37,9.45,7941900,9.45
2014-04-24,9.81,9.81,9.58,9.77,2864200,9.77
2014-04-23,9.74,9.79,9.68,9.73,3988200,9.73
2014-04-22,9.57,9.75,9.55,9.70,5493700,9.70
2014-04-21,9.63,9.65,9.42,9.57,3679400,9.57
2014-04-17,9.47,9.64,9.32,9.56,7734000,9.56
2014-04-16,9.85,9.85,9.21,9.51,10563800,9.51
2014-04-15,9.56,9.76,9.48,9.71,5374100,9.71
2014-04-14,9.67,9.71,9.45,9.56,4942800,9.56
2014-04-11,9.65,9.79,9.55,9.58,6731600,9.58
2014-04-10,9.95,10.07,9.68,9.69,9780200,9.69
2014-04-09,9.90,10.00,9.81,10.00,7182700,10.00
2014-04-08,9.80,9.93,9.71,9.89,10444000,9.89
2014-04-07,9.46,9.68,9.42,9.58,7682500,9.58
2014-04-04,9.78,9.84,9.41,9.51,15322400,9.51
2014-04-03,9.70,9.94,9.66,9.75,20924600,9.75
2014-04-02,9.43,9.58,9.42,9.50,12677900,9.50
2014-04-01,9.43,9.46,9.36,9.45,9476700,9.45
2014-03-31,9.26,9.43,9.24,9.40,5629600,9.40
2014-03-28,9.12,9.30,9.11,9.19,4044400,9.19
2014-03-27,9.15,9.31,9.05,9.11,5852800,9.11
2014-03-26,9.31,9.40,9.12,9.15,5469700,9.15
2014-03-25,9.43,9.45,9.18,9.27,8484200,9.27
2014-03-24,9.40,9.46,9.26,9.39,13406200,9.39
2014-03-21,9.49,9.59,9.33,9.36,7116300,9.36
2014-03-20,9.51,9.60,9.41,9.45,11730200,9.45
2014-03-19,9.50,9.67,9.45,9.53,5360700,9.53
2014-03-18,9.38,9.48,9.28,9.45,5187900,9.45
2014-03-17,9.21,9.33,9.20,9.26,4054500,9.26
2014-03-14,9.19,9.34,9.15,9.18,4392000,9.18
2014-03-13,9.45,9.51,9.16,9.20,3645300,9.20
2014-03-12,9.35,9.47,9.26,9.41,5840400,9.41
2014-03-11,9.56,9.60,9.35,9.40,4988900,9.40
2014-03-10,9.66,9.71,9.42,9.53,5893500,9.53
2014-03-07,9.64,9.75,9.62,9.68,5282400,9.68
2014-03-06,9.66,9.74,9.59,9.70,5078900,9.70
2014-03-05,9.62,9.72,9.55,9.64,4537700,9.64
2014-03-04,9.47,9.61,9.44,9.60,4207900,9.60
2014-03-03,9.23,9.38,9.12,9.35,3577100,9.35
2014-02-28,9.30,9.53,9.26,9.34,5497000,9.34
2014-02-27,9.40,9.41,9.23,9.30,4523200,9.30
2014-02-26,9.32,9.50,9.32,9.44,3624000,9.44
2014-02-25,9.41,9.47,9.21,9.31,4958600,9.31
2014-02-24,9.40,9.54,9.37,9.42,4503100,9.42
2014-02-21,9.67,9.67,9.30,9.38,8447900,9.38
2014-02-20,9.48,9.57,9.41,9.47,6587700,9.47
2014-02-19,9.49,9.56,9.37,9.46,7211500,9.46
2014-02-18,9.45,9.47,9.35,9.45,7556200,9.45
2014-02-14,9.32,9.43,9.28,9.42,7216600,9.42
2014-02-13,8.93,9.38,8.91,9.28,9759200,9.28
2014-02-12,9.02,9.02,8.87,8.94,7213500,8.94
2014-02-11,8.87,9.03,8.76,8.97,9451700,8.97
2014-02-10,8.87,9.11,8.85,8.88,9198900,8.88
2014-02-07,9.05,9.27,8.92,9.04,29478000,9.04
2014-02-06,8.14,8.38,8.08,8.32,8872100,8.32
2014-02-05,8.15,8.19,8.03,8.11,2621200,8.11
2014-02-04,8.10,8.30,8.03,8.21,4825700,8.21
2014-02-03,8.37,8.39,8.02,8.07,4940300,8.07
2014-01-31,8.47,8.58,8.33,8.36,5289800,8.36
2014-01-30,8.48,8.56,8.41,8.55,3446700,8.55
2014-01-29,8.40,8.60,8.39,8.41,5951000,8.41
2014-01-28,8.39,8.49,8.35,8.45,4155700,8.45
2014-01-27,8.41,8.52,8.31,8.41,5663200,8.41
2014-01-24,8.69,8.76,8.40,8.42,7509700,8.42
2014-01-23,8.80,8.86,8.68,8.71,7085200,8.71
2014-01-22,8.82,8.90,8.80,8.85,8658100,8.85
2014-01-21,8.88,8.89,8.76,8.83,3728700,8.83
2014-01-17,8.96,8.96,8.75,8.79,4588100,8.79
2014-01-16,8.85,8.89,8.73,8.86,4993200,8.86
2014-01-15,8.84,8.92,8.80,8.86,7294400,8.86
2014-01-14,8.88,8.97,8.75,8.80,14206500,8.80
2014-01-13,8.75,8.75,8.62,8.64,9220100,8.64
2014-01-10,8.49,8.71,8.48,8.61,7814100,8.61
2014-01-09,8.58,8.64,8.40,8.48,6068000,8.48
2014-01-08,8.18,8.64,8.13,8.54,18824000,8.54
2014-01-07,8.04,8.19,7.97,8.10,11341100,8.10
2014-01-06,8.05,8.08,7.97,8.03,3523000,8.03
2014-01-03,8.01,8.10,7.95,8.05,4825300,8.05
2014-01-02,8.00,8.02,7.82,8.01,11104600,8.01
2013-12-31,8.25,8.35,8.20,8.24,3112500,8.24
2013-12-30,8.24,8.30,8.19,8.26,2562300,8.26
2013-12-27,8.16,8.28,8.12,8.24,3240300,8.24
2013-12-26,8.12,8.18,8.09,8.14,3747800,8.14
2013-12-24,7.98,8.12,7.91,8.09,2679600,8.09
2013-12-23,7.89,8.05,7.85,7.95,4054000,7.95
2013-12-20,7.78,7.87,7.72,7.85,4470600,7.85
2013-12-19,7.75,7.95,7.67,7.79,9679300,7.79
2013-12-18,7.67,7.77,7.58,7.75,3286800,7.75
2013-12-17,7.60,7.68,7.57,7.67,2862800,7.67
2013-12-16,7.44,7.67,7.43,7.61,5137600,7.61
2013-12-13,7.48,7.49,7.32,7.44,4318900,7.44
2013-12-12,7.49,7.56,7.39,7.45,4759000,7.45
2013-12-11,7.48,7.60,7.44,7.50,6842600,7.50
2013-12-10,7.48,7.53,7.42,7.48,2991500,7.48
2013-12-09,7.44,7.60,7.44,7.48,3377200,7.48
2013-12-06,7.52,7.64,7.46,7.51,5433400,7.51
2013-12-05,7.47,7.58,7.39,7.45,6211900,7.45
2013-12-04,7.22,7.46,7.21,7.40,9680000,7.40
2013-12-03,7.04,7.31,7.04,7.26,11249100,7.26
2013-12-02,7.08,7.13,7.02,7.04,2152800,7.04
2013-11-29,7.09,7.15,7.05,7.09,1043800,7.09
2013-11-27,7.03,7.11,7.03,7.08,2220200,7.08
2013-11-26,6.97,7.12,6.94,7.05,3557300,7.05
2013-11-25,6.95,7.03,6.88,6.99,3151400,6.99
2013-11-22,6.98,7.04,6.93,6.95,4583100,6.95
2013-11-21,6.90,7.01,6.86,6.98,5170900,6.98
2013-11-20,6.86,6.96,6.82,6.86,5819400,6.86
2013-11-19,6.96,7.04,6.86,6.87,5350300,6.87
2013-11-18,6.99,7.09,6.93,6.98,8951600,6.98
2013-11-15,7.24,7.25,7.08,7.10,4325000,7.10
2013-11-14,7.21,7.26,7.16,7.21,3166600,7.21
2013-11-13,7.11,7.30,7.11,7.25,4186500,7.25
2013-11-12,7.07,7.18,7.05,7.17,3607900,7.17
2013-11-11,7.16,7.20,7.05,7.08,5042200,7.08
2013-11-08,7.12,7.16,6.95,7.14,8829100,7.14
2013-11-07,7.27,7.31,7.08,7.11,5211800,7.11
2013-11-06,7.35,7.40,7.21,7.22,5968200,7.22
2013-11-05,7.35,7.48,7.30,7.32,6434800,7.32
2013-11-04,7.53,7.60,7.36,7.36,5816600,7.36
2013-11-01,7.26,7.84,7.21,7.52,14669400,7.52
2013-10-31,7.03,7.10,6.80,7.06,11651300,7.06
2013-10-30,7.03,7.06,6.95,6.99,6016900,6.99
2013-10-29,7.00,7.06,6.91,6.99,10384300,6.99
2013-10-28,6.92,6.99,6.90,6.99,5406700,6.99
2013-10-25,6.87,6.99,6.87,6.94,6164900,6.94
2013-10-24,6.98,7.06,6.86,6.87,10066100,6.87
2013-10-23,6.97,7.04,6.88,6.97,8118300,6.97
2013-10-22,7.09,7.14,7.03,7.04,9254200,7.04
2013-10-21,7.15,7.21,7.05,7.09,7709800,7.09
2013-10-18,7.16,7.18,7.10,7.16,3355400,7.16
2013-10-17,7.07,7.15,7.00,7.12,7418800,7.12
2013-10-16,7.08,7.19,7.06,7.11,5703900,7.11
2013-10-15,7.24,7.29,7.03,7.07,8741300,7.07
2013-10-14,7.14,7.28,7.07,7.24,4044900,7.24
2013-10-11,7.00,7.20,6.98,7.18,5368500,7.18
2013-10-10,6.88,7.05,6.88,7.00,10730900,7.00
2013-10-09,7.01,7.03,6.82,6.83,14264800,6.83
2013-10-08,7.13,7.16,6.94,6.99,7921800,6.99
2013-10-07,7.16,7.26,7.10,7.13,8627200,7.13
2013-10-04,7.19,7.28,7.16,7.26,2670000,7.26
2013-10-03,7.31,7.33,7.08,7.18,8981400,7.18
2013-10-02,7.32,7.37,7.21,7.32,6822800,7.32
2013-10-01,7.30,7.44,7.28,7.36,5587800,7.36
2013-09-30,7.18,7.35,7.16,7.31,4229700,7.31
2013-09-27,7.29,7.36,7.27,7.28,3741200,7.28
2013-09-26,7.40,7.45,7.25,7.33,5508100,7.33
2013-09-25,7.41,7.45,7.28,7.38,7664500,7.38
2013-09-24,7.33,7.45,7.24,7.41,4131700,7.41
2013-09-23,7.36,7.38,7.21,7.30,4035200,7.30
2013-09-20,7.49,7.51,7.31,7.34,8393100,7.34
2013-09-19,7.55,7.58,7.42,7.49,2859900,7.49
2013-09-18,7.50,7.56,7.42,7.53,3069800,7.53
2013-09-17,7.48,7.55,7.42,7.51,3066100,7.51
2013-09-16,7.49,7.53,7.42,7.47,3289500,7.47
2013-09-13,7.60,7.64,7.34,7.42,14933300,7.42
2013-09-12,7.56,7.64,7.49,7.59,2465000,7.59
2013-09-11,7.56,7.64,7.53,7.58,3012300,7.58
2013-09-10,7.60,7.69,7.55,7.62,7110500,7.62
2013-09-09,7.56,7.60,7.47,7.57,2813800,7.57
2013-09-06,7.52,7.55,7.38,7.51,2712100,7.51
2013-09-05,7.50,7.52,7.41,7.49,2973800,7.49
2013-09-04,7.30,7.50,7.30,7.42,3851000,7.42
2013-09-03,7.31,7.42,7.26,7.30,3101000,7.30
2013-08-30,7.30,7.35,7.19,7.24,3650800,7.24
2013-08-29,7.22,7.38,7.21,7.31,3346800,7.31
2013-08-28,7.28,7.36,7.21,7.23,4329300,7.23
2013-08-27,7.30,7.34,7.21,7.28,4038400,7.28
2013-08-26,7.38,7.47,7.34,7.38,2189000,7.38
2013-08-23,7.36,7.43,7.28,7.36,2222900,7.36
2013-08-22,7.31,7.42,7.20,7.35,2647700,7.35
2013-08-21,7.27,7.34,7.21,7.30,3098800,7.30
2013-08-20,7.20,7.33,7.20,7.29,2303500,7.29
2013-08-19,7.31,7.36,7.17,7.20,2707300,7.20
2013-08-16,7.16,7.37,7.16,7.30,3505300,7.30
2013-08-15,7.35,7.43,7.24,7.25,4864800,7.25
2013-08-14,7.51,7.51,7.38,7.42,3169900,7.42
2013-08-13,7.46,7.54,7.32,7.50,6886200,7.50
2013-08-12,7.42,7.57,7.35,7.49,3453800,7.49
2013-08-09,7.41,7.46,7.35,7.44,3875100,7.44
2013-08-08,7.53,7.60,7.43,7.43,4068000,7.43
2013-08-07,7.44,7.52,7.36,7.50,4579600,7.50
2013-08-06,7.54,7.59,7.40,7.50,5657500,7.50
2013-08-05,7.55,7.65,7.52,7.58,6109300,7.58
2013-08-02,7.75,8.00,7.51,7.60,20774600,7.60
2013-08-01,8.30,8.50,8.26,8.44,11281300,8.44
2013-07-31,8.16,8.30,8.12,8.24,6916700,8.24
2013-07-30,8.15,8.24,8.06,8.14,4658500,8.14
2013-07-29,7.92,8.11,7.90,8.10,4231200,8.10
2013-07-26,8.06,8.08,7.94,7.98,3635100,7.98
2013-07-25,8.05,8.14,7.99,8.14,3265600,8.14
2013-07-24,8.23,8.24,8.00,8.04,3145600,8.04
2013-07-23,8.14,8.16,8.07,8.12,5080500,8.12
2013-07-22,7.99,8.10,7.92,8.06,2653700,8.06
2013-07-19,7.89,7.97,7.83,7.97,5095500,7.97
2013-07-18,8.18,8.21,7.90,7.95,9116800,7.95
2013-07-17,8.25,8.32,8.12,8.31,3713100,8.31
2013-07-16,8.26,8.34,8.18,8.20,3284700,8.20
2013-07-15,8.21,8.27,8.09,8.23,3431900,8.23
2013-07-12,8.24,8.28,8.12,8.22,2991200,8.22
2013-07-11,8.02,8.23,8.02,8.21,3802100,8.21
2013-07-10,8.18,8.24,8.11,8.16,4786700,8.16
2013-07-09,7.95,8.21,7.93,8.15,5254900,8.15
2013-07-08,8.31,8.35,7.86,7.94,6532400,7.94
2013-07-05,8.14,8.38,8.11,8.38,3518600,8.38
2013-07-03,8.09,8.14,8.01,8.08,1471300,8.08
2013-07-02,8.08,8.23,8.04,8.10,4910400,8.10
2013-07-01,8.16,8.21,8.02,8.09,4701400,8.09
2013-06-28,7.90,8.13,7.85,8.08,13387600,8.08
2013-06-27,7.79,8.15,7.79,7.98,6949200,7.98
2013-06-26,7.79,7.89,7.64,7.76,5970000,7.76
2013-06-25,7.83,7.97,7.67,7.74,5954100,7.74
2013-06-24,7.68,7.78,7.58,7.74,8112100,7.74
2013-06-21,8.00,8.06,7.76,7.82,6185000,7.82
2013-06-20,8.10,8.13,7.89,7.99,7967200,7.99
2013-06-19,8.25,8.34,8.22,8.23,3615600,8.23
2013-06-18,8.34,8.40,8.25,8.27,6779600,8.27
2013-06-17,8.19,8.35,8.18,8.29,4635800,8.29
2013-06-14,8.14,8.22,8.01,8.14,5559600,8.14
2013-06-13,7.88,8.18,7.82,8.18,7378400,8.18
2013-06-12,8.00,8.10,7.85,7.87,6125100,7.87
2013-06-11,8.21,8.21,7.94,7.99,7063200,7.99
2013-06-10,8.17,8.33,8.17,8.28,4124600,8.28
2013-06-07,8.16,8.28,8.11,8.20,2808700,8.20
2013-06-06,8.21,8.31,8.00,8.14,6593000,8.14
2013-06-05,8.41,8.47,8.20,8.25,7456600,8.25
2013-06-04,8.59,8.73,8.47,8.51,10139600,8.51
2013-06-03,8.56,8.66,8.36,8.49,13248400,8.49
2013-05-31,8.45,8.67,8.34,8.56,13106700,8.56
2013-05-30,8.25,8.63,8.12,8.51,11695700,8.51
2013-05-29,7.98,8.26,7.87,8.22,8018500,8.22
2013-05-28,7.95,8.00,7.90,7.98,3016100,7.98
2013-05-24,7.87,7.97,7.74,7.85,5294600,7.85
2013-05-23,7.98,8.01,7.69,7.88,9856800,7.88
2013-05-22,8.26,8.39,7.97,8.08,6402000,8.08
2013-05-21,8.25,8.35,8.20,8.30,4184600,8.30
2013-05-20,8.22,8.35,8.19,8.27,2438800,8.27
2013-05-17,8.15,8.34,8.10,8.27,4125200,8.27
2013-05-16,8.14,8.24,8.02,8.06,2928000,8.06
2013-05-15,8.04,8.18,8.03,8.13,2903300,8.13
2013-05-14,8.00,8.07,7.95,8.03,3413300,8.03
2013-05-13,7.98,8.04,7.87,8.02,5270700,8.02
2013-05-10,7.94,8.01,7.84,7.97,4137900,7.97
2013-05-09,7.99,8.05,7.84,7.87,10484200,7.87
2013-05-08,8.06,8.11,7.86,7.95,10841900,7.95
2013-05-07,8.13,8.15,7.98,8.08,4169300,8.08
2013-05-06,8.00,8.24,7.97,8.10,5338000,8.10
2013-05-03,8.06,8.18,7.76,8.02,9922800,8.02
2013-05-02,7.74,7.97,7.71,7.91,7517800,7.91
2013-05-01,7.83,7.86,7.74,7.80,6632100,7.80
2013-04-30,7.73,7.86,7.51,7.86,6511400,7.86
2013-04-29,7.58,7.72,7.53,7.65,3302500,7.65
2013-04-26,7.71,7.88,7.51,7.53,4039400,7.53
2013-04-25,7.57,7.75,7.51,7.73,4901600,7.73
2013-04-24,7.40,7.57,7.40,7.53,4275600,7.53
2013-04-23,7.49,7.59,7.40,7.52,5765700,7.52
2013-04-22,7.28,7.49,7.20,7.42,6202000,7.42
2013-04-19,7.46,7.46,7.18,7.27,9704600,7.27
2013-04-18,8.01,8.05,7.35,7.40,20004200,7.40
2013-04-17,8.14,8.14,7.80,7.88,16362100,7.88
2013-04-16,8.27,8.38,8.16,8.36,7694400,8.36
2013-04-15,8.28,8.37,8.16,8.19,7237500,8.19
2013-04-12,8.47,8.47,8.28,8.40,5754500,8.40
2013-04-11,8.50,8.59,8.38,8.50,8320300,8.50
2013-04-10,8.39,8.62,8.36,8.58,10068200,8.58
2013-04-09,8.17,8.41,8.11,8.37,9589900,8.37
2013-04-08,7.84,8.20,7.82,8.18,9424700,8.18
2013-04-05,7.72,7.87,7.63,7.84,5028300,7.84
2013-04-04,7.74,7.88,7.68,7.84,6014400,7.84
2013-04-03,7.76,7.86,7.62,7.75,8769400,7.75
2013-04-02,8.10,8.14,7.76,7.80,11100200,7.80
2013-04-01,8.25,8.27,8.02,8.10,9893400,8.10
2013-03-28,8.26,8.30,8.21,8.28,7620300,8.28
2013-03-27,8.22,8.29,8.09,8.26,6197400,8.26
2013-03-26,8.31,8.36,8.22,8.31,9275400,8.31
2013-03-25,8.29,8.35,8.10,8.19,10083400,8.19
2013-03-22,8.21,8.27,8.03,8.08,8331900,8.08
2013-03-21,8.35,8.42,8.20,8.21,3803300,8.21
2013-03-20,8.26,8.46,8.26,8.45,8899800,8.45
2013-03-19,8.23,8.27,8.05,8.20,6041600,8.20
2013-03-18,8.19,8.31,8.03,8.19,11590400,8.19
2013-03-15,8.30,8.32,8.07,8.10,5613500,8.10
2013-03-14,8.21,8.37,8.21,8.32,5393600,8.32
2013-03-13,8.19,8.27,8.14,8.19,6337700,8.19
2013-03-12,8.18,8.30,8.13,8.20,5233000,8.20
2013-03-11,8.03,8.19,7.98,8.16,6040100,8.16
2013-03-08,8.14,8.20,8.07,8.08,6309900,8.08
2013-03-07,8.13,8.24,8.08,8.12,14754200,8.12
2013-03-06,8.01,8.15,8.00,8.10,7607000,8.10
2013-03-05,7.93,8.02,7.89,8.01,7141200,8.01
2013-03-04,7.87,7.94,7.76,7.87,4649900,7.87
2013-03-01,7.95,7.98,7.74,7.88,7052900,7.88
2013-02-28,7.96,8.16,7.95,8.01,4428600,8.01
2013-02-27,7.91,8.10,7.79,8.02,6301400,8.02
2013-02-26,8.01,8.08,7.77,7.95,7922100,7.95
2013-02-25,8.12,8.22,7.93,7.93,4967600,7.93
2013-02-22,8.04,8.27,8.04,8.10,7860700,8.10
2013-02-21,8.14,8.15,7.85,7.97,8046400,7.97
2013-02-20,8.44,8.45,8.12,8.15,7728000,8.15
2013-02-19,8.51,8.62,8.38,8.45,11276000,8.45
2013-02-15,8.70,8.71,8.35,8.45,8338100,8.45
2013-02-14,8.47,8.69,8.45,8.68,6683800,8.68
2013-02-13,8.68,8.69,8.46,8.49,10866200,8.49
2013-02-12,8.55,8.68,8.52,8.65,7449000,8.65
2013-02-11,8.38,8.57,8.37,8.55,11551700,8.55
2013-02-08,8.21,8.43,8.19,8.38,7324800,8.38
2013-02-07,8.10,8.26,8.04,8.11,12340700,8.11
2013-02-06,8.14,8.20,8.03,8.19,7618400,8.19
2013-02-05,8.12,8.18,8.06,8.14,3173800,8.14
2013-02-04,8.05,8.20,8.03,8.03,5164800,8.03
2013-02-01,8.04,8.21,7.98,8.15,10972800,8.15
2013-01-31,7.82,7.91,7.76,7.86,4149500,7.86
2013-01-30,7.85,8.07,7.82,7.87,9300100,7.87
2013-01-29,7.91,7.91,7.77,7.80,4294200,7.80
2013-01-28,7.78,7.97,7.78,7.92,5348800,7.92
2013-01-25,7.79,7.90,7.72,7.80,5680300,7.80
2013-01-24,7.75,7.99,7.68,7.71,8644700,7.71
2013-01-23,7.78,7.88,7.73,7.84,3713800,7.84
2013-01-22,7.74,7.77,7.65,7.77,6728500,7.77
2013-01-18,7.76,7.82,7.71,7.75,5181700,7.75
2013-01-17,7.84,7.95,7.75,7.83,7237200,7.83
2013-01-16,7.60,7.77,7.52,7.75,6756400,7.75
2013-01-15,7.61,7.67,7.55,7.60,4031000,7.60
2013-01-14,7.64,7.71,7.62,7.66,4383900,7.66
2013-01-11,7.64,7.77,7.57,7.71,7951500,7.71
2013-01-10,7.55,7.65,7.50,7.63,10814600,7.63
2013-01-09,7.31,7.59,7.31,7.45,8093000,7.45
2013-01-08,7.28,7.37,7.20,7.34,10778900,7.34
2013-01-07,7.37,7.50,7.30,7.33,13035600,7.33
2013-01-04,7.30,7.48,7.25,7.42,9765400,7.42
2013-01-03,7.33,7.44,7.26,7.31,9040600,7.31
2013-01-02,7.25,7.39,7.22,7.37,7735200,7.37
2012-12-31,6.83,7.07,6.80,7.05,4045800,7.05
2012-12-28,6.80,6.96,6.80,6.85,2585300,6.85
2012-12-27,6.87,6.93,6.78,6.86,2832600,6.86
2012-12-26,6.84,6.94,6.76,6.89,3858600,6.89
2012-12-24,6.86,6.86,6.74,6.80,1622200,6.80
2012-12-21,6.85,6.88,6.68,6.84,4967900,6.84
2012-12-20,7.02,7.02,6.84,6.95,6180500,6.95
2012-12-19,7.07,7.11,6.98,7.00,9238900,7.00
2012-12-18,6.99,7.08,6.97,7.06,9819100,7.06
2012-12-17,7.05,7.06,6.97,6.98,8251800,6.98
2012-12-14,6.89,6.99,6.85,6.92,5636300,6.92
2012-12-13,6.92,7.02,6.84,6.88,5399800,6.88
2012-12-12,6.99,7.00,6.88,6.92,6290600,6.92
2012-12-11,6.82,6.98,6.76,6.96,6882500,6.96
2012-12-10,6.70,6.85,6.66,6.77,6505600,6.77
2012-12-07,6.71,6.74,6.57,6.72,4572000,6.72
2012-12-06,6.67,6.78,6.66,6.71,3095300,6.71
2012-12-05,6.71,6.77,6.59,6.70,3482600,6.70
2012-12-04,6.64,6.74,6.58,6.71,5069900,6.71
2012-12-03,6.73,6.73,6.60,6.62,7073400,6.62
2012-11-30,6.70,6.75,6.54,6.62,11754300,6.62
2012-11-29,6.66,6.81,6.64,6.75,10329600,6.75
2012-11-28,6.37,6.66,6.26,6.61,12742200,6.61
2012-11-27,6.19,6.54,6.11,6.44,10213700,6.44
2012-11-26,6.19,6.31,6.16,6.23,3478600,6.23
2012-11-23,6.03,6.21,5.99,6.17,3479900,6.17
2012-11-21,5.97,5.98,5.87,5.96,4354500,5.96
2012-11-20,5.95,6.00,5.83,5.94,10427100,5.94
2012-11-19,5.88,6.08,5.88,5.93,4566900,5.93
2012-11-16,5.88,5.91,5.70,5.82,5280400,5.82
2012-11-15,5.95,6.00,5.74,5.87,7178800,5.87
2012-11-14,6.15,6.24,5.91,5.94,5115100,5.94
2012-11-13,6.17,6.25,6.10,6.15,5990700,6.15
2012-11-12,6.18,6.27,6.07,6.20,4408600,6.20
2012-11-09,6.15,6.29,6.11,6.16,4650900,6.16
2012-11-08,6.26,6.32,6.15,6.17,2899300,6.17
2012-11-07,6.46,6.52,6.25,6.26,6769000,6.26
2012-11-06,6.47,6.67,6.43,6.56,10819200,6.56
2012-11-05,6.13,6.50,6.09,6.46,11840800,6.46
2012-11-02,6.20,6.46,6.01,6.10,12294300,6.10
2012-11-01,6.16,6.37,6.12,6.27,11094200,6.27
2012-10-31,6.13,6.20,6.08,6.15,4236600,6.15
2012-10-26,6.04,6.16,5.97,6.15,6374300,6.15
2012-10-25,5.94,6.05,5.92,6.02,4383900,6.02
2012-10-24,6.17,6.19,5.90,5.91,4203700,5.91
2012-10-23,5.97,6.12,5.95,6.12,7433800,6.12
2012-10-22,5.97,6.13,5.93,6.05,9343500,6.05
2012-10-19,6.26,6.26,5.99,6.03,9428800,6.03
2012-10-18,6.30,6.34,6.18,6.26,5229100,6.26
2012-10-17,6.26,6.30,6.15,6.28,7228000,6.28
2012-10-16,6.04,6.30,6.02,6.26,8981600,6.26
2012-10-15,5.86,6.05,5.86,6.03,5137000,6.03
2012-10-12,5.93,6.00,5.84,5.86,5007700,5.86
2012-10-11,5.90,6.00,5.88,5.95,5321300,5.95
2012-10-10,6.04,6.07,5.85,5.87,7115200,5.87
2012-10-09,6.12,6.15,5.96,6.05,6337600,6.05
2012-10-08,6.12,6.20,6.05,6.16,4370500,6.16
2012-10-05,6.21,6.26,6.13,6.16,4653700,6.16
2012-10-04,6.25,6.25,6.11,6.15,9274200,6.15
2012-10-03,6.21,6.29,6.13,6.18,9894300,6.18
2012-10-02,6.37,6.40,6.12,6.21,9281000,6.21
2012-10-01,6.19,6.26,6.09,6.13,6523300,6.13
2012-09-28,6.19,6.19,6.06,6.18,11859000,6.18
2012-09-27,6.14,6.26,6.06,6.19,7526200,6.19
2012-09-26,6.05,6.18,6.00,6.13,9605600,6.13
2012-09-25,6.61,6.69,6.07,6.10,14047700,6.10
2012-09-24,6.48,6.62,6.46,6.62,5288300,6.62
2012-09-21,6.74,6.81,6.54,6.54,5200100,6.54
2012-09-20,6.77,6.86,6.69,6.73,8674400,6.73
2012-09-19,6.88,6.94,6.80,6.86,5828500,6.86
2012-09-18,6.79,6.88,6.75,6.88,5789000,6.88
2012-09-17,6.90,6.91,6.76,6.83,7120500,6.83
2012-09-14,6.70,6.95,6.70,6.95,8763000,6.95
2012-09-13,6.58,6.81,6.53,6.70,7408900,6.70
2012-09-12,6.65,6.75,6.60,6.62,5213700,6.62
2012-09-11,6.57,6.69,6.53,6.67,7354600,6.67
2012-09-10,6.52,6.59,6.52,6.55,5926900,6.55
2012-09-07,6.44,6.58,6.35,6.57,9818300,6.57
2012-09-06,6.19,6.47,6.16,6.45,10261000,6.45
2012-09-05,6.15,6.20,6.05,6.13,7567700,6.13
2012-09-04,6.19,6.25,6.00,6.12,7328600,6.12
2012-08-31,6.21,6.30,6.18,6.23,3145100,6.23
2012-08-30,6.32,6.38,6.17,6.18,3076300,6.18
2012-08-29,6.20,6.36,6.16,6.34,6349200,6.34
2012-08-28,6.28,6.38,6.14,6.21,10255900,6.21
2012-08-27,6.39,6.45,6.30,6.33,3092200,6.33
2012-08-24,6.33,6.43,6.29,6.39,5826000,6.39
2012-08-23,6.50,6.56,6.33,6.36,8140800,6.36
2012-08-22,6.58,6.65,6.50,6.54,9354900,6.54
2012-08-21,6.50,6.67,6.49,6.63,8902900,6.63
2012-08-20,6.46,6.52,6.38,6.47,6252800,6.47
2012-08-17,6.60,6.66,6.41,6.50,10814800,6.50
2012-08-16,6.68,6.79,6.57,6.63,11650100,6.63
2012-08-15,6.74,6.96,6.59,6.69,16491600,6.69
2012-08-14,6.77,6.91,6.72,6.74,5886900,6.74
2012-08-13,6.86,6.88,6.72,6.77,3391400,6.77
2012-08-10,6.95,6.99,6.77,6.82,8993600,6.82
2012-08-09,6.69,6.98,6.68,6.94,8719100,6.94
2012-08-08,6.68,6.77,6.58,6.66,8805900,6.66
2012-08-07,6.56,6.75,6.55,6.69,10990600,6.69
2012-08-06,6.40,6.53,6.22,6.52,23964800,6.52
2012-08-03,6.38,6.60,6.25,6.37,41737500,6.37
2012-08-02,6.82,7.03,6.73,6.84,15770800,6.84
2012-08-01,6.97,7.05,6.85,6.91,4583300,6.91
2012-07-31,6.96,7.05,6.87,6.94,7432600,6.94
2012-07-30,7.05,7.16,6.81,6.93,6115100,6.93
2012-07-27,6.88,7.11,6.87,7.06,5609300,7.06
2012-07-26,6.84,7.01,6.68,6.86,7260400,6.86
2012-07-25,6.53,6.84,6.53,6.73,6083300,6.73
2012-07-24,6.57,6.66,6.43,6.50,6588700,6.50
2012-07-23,6.59,6.72,6.47,6.59,5204800,6.59
2012-07-20,6.83,6.90,6.73,6.76,6789400,6.76
2012-07-19,6.88,6.91,6.68,6.82,5469900,6.82
2012-07-18,6.40,6.84,6.40,6.83,9370700,6.83
2012-07-17,6.42,6.47,6.20,6.42,7714700,6.42
2012-07-16,6.46,6.47,6.25,6.43,6499300,6.43
2012-07-13,6.57,6.65,6.43,6.52,4949100,6.52
2012-07-12,6.39,6.64,6.30,6.54,6931200,6.54
2012-07-11,6.52,6.62,6.40,6.48,6496100,6.48
2012-07-10,6.60,6.73,6.47,6.53,7359200,6.53
2012-07-09,6.89,6.92,6.63,6.64,7944600,6.64
2012-07-06,7.07,7.12,6.80,6.94,6050900,6.94
2012-07-05,7.10,7.18,6.96,7.15,5611300,7.15
2012-07-03,6.98,7.16,6.93,7.11,4028900,7.11
2012-07-02,7.17,7.23,6.90,6.96,5622600,6.96
2012-06-29,6.93,7.18,6.89,7.10,8574800,7.10
2012-06-28,6.67,6.80,6.51,6.76,5634700,6.76
2012-06-27,6.70,6.93,6.67,6.78,10728600,6.78
2012-06-26,6.69,6.79,6.56,6.66,5419600,6.66
2012-06-25,6.82,6.88,6.68,6.70,6107300,6.70
2012-06-22,6.94,7.03,6.84,6.96,17024500,6.96
2012-06-21,7.25,7.27,6.85,6.92,8357800,6.92
2012-06-20,7.21,7.36,7.11,7.26,11308200,7.26
2012-06-19,7.00,7.23,6.97,7.20,10191700,7.20
2012-06-18,6.77,7.07,6.76,6.96,6224300,6.96
2012-06-15,6.61,6.89,6.60,6.86,4792200,6.86
2012-06-14,6.62,6.68,6.48,6.63,4711500,6.63
2012-06-13,6.75,6.77,6.58,6.60,5031300,6.60
2012-06-12,6.65,6.81,6.57,6.76,5281900,6.76
2012-06-11,6.90,6.95,6.60,6.62,3575300,6.62
2012-06-08,7.26,8.01,6.65,6.86,4007400,6.86
2012-06-07,6.93,7.01,6.70,6.74,9577400,6.74
2012-06-06,6.85,6.99,6.76,6.84,9628200,6.84
2012-06-05,6.43,6.79,6.43,6.75,15394500,6.75
2012-06-04,6.43,6.53,6.25,6.44,5761300,6.44
2012-06-01,6.54,6.59,6.33,6.38,10214700,6.38
2012-05-31,6.77,6.78,6.50,6.74,8359700,6.74
2012-05-30,6.75,6.79,6.61,6.76,6661500,6.76
2012-05-29,6.79,6.88,6.70,6.81,7024700,6.81
2012-05-25,6.62,6.84,6.52,6.74,14428200,6.74
2012-05-24,6.73,6.76,6.51,6.58,6575300,6.58
2012-05-23,6.67,6.75,6.55,6.71,13832400,6.71
2012-05-22,6.87,6.94,6.69,6.82,11178600,6.82
2012-05-21,6.83,6.94,6.77,6.90,10320600,6.90
2012-05-18,6.94,7.02,6.77,6.81,11479500,6.81
2012-05-17,7.11,7.19,6.86,6.95,10080900,6.95
2012-05-16,7.21,7.31,7.05,7.08,6184600,7.08
2012-05-15,7.24,7.36,7.13,7.14,8007400,7.14
2012-05-14,7.40,7.42,7.24,7.26,8722000,7.26
2012-05-11,7.50,7.67,7.46,7.47,5389300,7.47
2012-05-10,7.72,7.77,7.36,7.54,12923600,7.54
2012-05-09,7.66,7.72,7.41,7.61,17253800,7.61
2012-05-08,8.05,8.07,7.69,7.82,13408300,7.82
2012-05-07,8.20,8.38,8.13,8.14,4229300,8.14
2012-05-04,8.30,8.58,8.21,8.22,11647800,8.22
2012-05-03,8.97,8.97,8.34,8.39,19664900,8.39
2012-05-02,8.15,8.37,8.10,8.31,7846200,8.31
2012-05-01,8.25,8.41,8.22,8.31,3927500,8.31
2012-04-30,8.31,8.33,8.16,8.26,3712200,8.26
2012-04-27,8.40,8.40,8.13,8.33,3971100,8.33
2012-04-26,8.11,8.37,8.10,8.30,5821500,8.30
2012-04-25,7.95,8.15,7.95,8.12,5489600,8.12
2012-04-24,8.04,8.15,7.87,7.89,6333800,7.89
2012-04-23,7.96,8.01,7.82,7.97,5753800,7.97
2012-04-20,8.31,8.36,8.04,8.07,6209000,8.07
2012-04-19,8.51,8.61,8.17,8.29,9972200,8.29
2012-04-18,8.40,8.47,8.22,8.30,8405400,8.30
2012-04-17,8.35,8.63,8.35,8.50,11185400,8.50
2012-04-16,8.50,8.55,8.20,8.29,5536100,8.29
2012-04-13,8.66,8.72,8.42,8.48,4698600,8.48
2012-04-12,8.48,8.79,8.44,8.72,5895300,8.72
2012-04-11,8.24,8.59,8.24,8.49,8323700,8.49
2012-04-10,8.26,8.47,8.15,8.19,5250400,8.19
2012-04-09,8.38,8.45,8.25,8.32,3714100,8.32
2012-04-05,8.50,8.59,8.43,8.49,5753500,8.49
2012-04-04,8.56,8.63,8.40,8.57,7430900,8.57
2012-04-03,8.95,9.03,8.65,8.71,6817300,8.71
2012-04-02,8.94,9.03,8.88,8.98,3864800,8.98
2012-03-30,8.93,9.04,8.79,9.01,3594200,9.01
2012-03-29,8.73,8.87,8.62,8.86,5627200,8.86
2012-03-28,9.05,9.10,8.75,8.80,5880500,8.80
2012-03-27,9.19,9.31,9.02,9.02,6505000,9.02
2012-03-26,9.02,9.21,8.95,9.10,4783000,9.10
2012-03-23,8.98,9.01,8.84,8.94,3675800,8.94
2012-03-22,9.02,9.18,8.95,8.99,4582700,8.99
2012-03-21,9.15,9.23,9.04,9.11,3047300,9.11
2012-03-20,9.14,9.21,8.97,9.17,3074800,9.17
2012-03-19,9.08,9.26,9.02,9.23,3229500,9.23
2012-03-16,9.10,9.18,9.02,9.09,3622700,9.09
2012-03-15,8.99,9.10,8.83,9.08,4351300,9.08
2012-03-14,8.95,9.16,8.91,8.95,6132000,8.95
2012-03-13,8.86,8.91,8.78,8.91,3917000,8.91
2012-03-12,8.82,8.84,8.60,8.65,3620600,8.65
2012-03-09,8.55,8.83,8.55,8.81,3676600,8.81
2012-03-08,8.67,8.78,8.60,8.72,5449000,8.72
2012-03-07,8.48,8.64,8.29,8.58,11207800,8.58
2012-03-06,8.31,8.52,8.29,8.47,7476700,8.47
2012-03-05,8.71,8.74,8.38,8.40,11485200,8.40
2012-03-02,9.03,9.13,8.68,8.75,7821700,8.75
2012-03-01,9.12,9.15,8.90,9.04,5380300,9.04
2012-02-29,9.16,9.30,9.03,9.07,6422200,9.07
2012-02-28,9.00,9.17,8.95,9.15,5243600,9.15
2012-02-27,8.86,9.11,8.84,8.95,5901200,8.95
2012-02-24,9.13,9.21,8.92,8.96,6438300,8.96
2012-02-23,9.01,9.14,8.87,9.12,7446900,9.12
2012-02-22,9.28,9.28,8.99,9.04,7310600,9.04
2012-02-21,9.41,9.44,9.18,9.23,4091500,9.23
2012-02-17,9.56,9.59,9.32,9.38,6318500,9.38
2012-02-16,9.26,9.54,9.21,9.47,7637000,9.47
2012-02-15,9.35,9.47,9.25,9.29,5520300,9.29
2012-02-14,9.36,9.44,9.20,9.29,6117300,9.29
2012-02-13,9.45,9.53,9.23,9.41,6681600,9.41
2012-02-10,9.35,9.51,9.28,9.39,10529800,9.39
2012-02-09,9.70,9.85,9.42,9.50,20870900,9.50
2012-02-08,9.28,9.36,9.08,9.12,13486500,9.12
2012-02-07,9.09,9.29,9.01,9.17,8298500,9.17
2012-02-06,9.20,9.20,9.02,9.16,5260200,9.16
2012-02-03,9.13,9.28,9.10,9.24,5374800,9.24
2012-02-02,8.93,9.07,8.87,9.06,6329200,9.06
2012-02-01,8.82,9.02,8.71,8.92,7217100,8.92
2012-01-31,8.90,8.94,8.63,8.70,6126600,8.70
2012-01-30,8.77,8.82,8.62,8.80,6000400,8.80
2012-01-27,8.60,8.92,8.59,8.86,4414100,8.86
2012-01-26,9.05,9.14,8.67,8.67,11076000,8.67
2012-01-25,9.07,9.08,8.79,9.00,10146600,9.00
2012-01-24,8.83,9.13,8.77,9.08,10123900,9.08
2012-01-23,8.99,8.99,8.73,8.86,6736100,8.86
2012-01-20,8.70,8.99,8.70,8.92,9522700,8.92
2012-01-19,8.96,9.17,8.89,8.94,15675300,8.94
2012-01-18,8.32,8.99,8.30,8.73,21000400,8.73
2012-01-17,8.15,8.23,8.04,8.08,4130500,8.08
2012-01-13,8.21,8.25,8.02,8.11,5213100,8.11
2012-01-12,8.35,8.42,8.19,8.30,8314300,8.30
2012-01-11,8.29,8.38,8.04,8.33,8912800,8.33
2012-01-10,8.49,8.50,8.16,8.33,9259400,8.33
2012-01-09,8.08,8.50,8.08,8.39,9962000,8.39
2012-01-06,8.00,8.17,7.86,8.06,5813800,8.06
2012-01-05,7.80,8.07,7.78,8.01,11674600,8.01
2012-01-04,7.82,7.92,7.62,7.83,7684700,7.83
2012-01-03,7.83,7.98,7.69,7.77,4198200,7.77
2011-12-30,7.65,7.80,7.56,7.72,2597800,7.72
2011-12-29,7.55,7.73,7.50,7.67,2280800,7.67
2011-12-28,7.60,7.71,7.52,7.53,2777500,7.53
2011-12-27,7.57,7.83,7.56,7.70,3748400,7.70
2011-12-23,7.54,7.62,7.34,7.60,2928700,7.60
2011-12-22,7.23,7.49,7.20,7.46,6654800,7.46
2011-12-21,7.30,7.31,6.95,7.19,6751100,7.19
2011-12-20,7.21,7.33,7.20,7.28,8883100,7.28
2011-12-19,7.48,7.48,7.06,7.08,6743100,7.08
2011-12-16,7.25,7.50,7.25,7.39,5409700,7.39
2011-12-15,7.21,7.31,7.17,7.18,4523000,7.18
2011-12-14,7.18,7.27,6.92,7.11,11977500,7.11
2011-12-13,7.87,7.95,7.15,7.26,14810800,7.26
2011-12-12,8.05,8.05,7.64,7.75,5412700,7.75
2011-12-09,7.92,8.20,7.80,8.14,6903700,8.14
2011-12-08,8.08,8.18,7.95,7.96,7228000,7.96
2011-12-07,8.14,8.24,8.08,8.19,5923700,8.19
2011-12-06,8.11,8.23,8.01,8.20,5960300,8.20
2011-12-05,8.25,8.28,8.01,8.11,5999400,8.11
2011-12-02,8.06,8.17,7.92,8.04,8620700,8.04
2011-12-01,7.51,8.04,7.51,8.01,11480400,8.01
2011-11-30,7.22,7.58,7.14,7.53,7784600,7.53
2011-11-29,7.14,7.21,6.96,6.99,5267000,6.99
2011-11-28,7.13,7.31,7.01,7.17,6551300,7.17
2011-11-25,7.08,7.16,6.90,6.92,2446200,6.92
2011-11-23,7.34,7.40,7.06,7.07,9250900,7.07
2011-11-22,7.45,8.41,7.40,7.47,10345000,7.47
2011-11-21,7.30,7.52,7.09,7.44,8066900,7.44
2011-11-18,7.67,7.71,7.39,7.42,4402500,7.42
2011-11-17,8.09,8.12,7.50,7.58,10476700,7.58
2011-11-16,7.92,8.38,7.83,8.04,11062600,8.04
2011-11-15,7.73,8.07,7.67,7.98,6244600,7.98
2011-11-14,7.81,7.84,7.66,7.76,3421700,7.76
2011-11-11,7.52,7.82,7.46,7.80,6214300,7.80
2011-11-10,7.49,7.57,7.29,7.44,4914300,7.44
2011-11-09,7.58,7.65,7.27,7.36,7353600,7.36
2011-11-08,7.84,7.96,7.66,7.84,5580900,7.84
2011-11-07,7.87,7.89,7.53,7.76,9665300,7.76
2011-11-04,7.66,8.11,7.62,7.96,12943600,7.96
2011-11-03,7.40,8.00,7.40,7.79,26258800,7.79
2011-11-02,7.21,7.37,7.05,7.09,10649700,7.09
2011-11-01,7.15,7.30,7.03,7.18,8904500,7.18
2011-10-31,7.70,7.76,7.46,7.57,7787300,7.57
2011-10-28,7.72,7.85,7.50,7.82,11198500,7.82
2011-10-27,7.60,8.00,7.52,7.73,11864900,7.73
2011-10-26,7.12,7.42,7.00,7.34,8163800,7.34
2011-10-25,6.95,7.17,6.89,7.10,12053500,7.10
2011-10-24,6.64,7.06,6.63,7.04,18101300,7.04
2011-10-21,6.83,6.92,6.54,6.58,19937400,6.58
2011-10-20,6.81,6.86,6.63,6.73,15054800,6.73
2011-10-19,7.49,7.74,6.74,6.81,32128500,6.81
2011-10-18,7.77,8.11,7.68,8.06,8423500,8.06
2011-10-17,8.10,8.18,7.74,7.80,6443700,7.80
2011-10-14,8.15,8.29,7.84,8.17,11456000,8.17
2011-10-13,7.45,8.01,7.37,8.01,14080200,8.01
2011-10-12,7.31,7.52,7.25,7.41,8470100,7.41
2011-10-11,7.31,7.51,7.22,7.31,8685500,7.31
2011-10-10,7.18,7.34,7.18,7.31,4356900,7.31
2011-10-07,7.25,7.28,7.01,7.11,10521600,7.11
2011-10-06,7.21,7.35,7.03,7.28,5291700,7.28
2011-10-05,7.01,7.31,6.84,7.22,6168100,7.22
2011-10-04,6.56,7.02,6.53,6.94,9845900,6.94
2011-10-03,7.09,7.12,6.58,6.64,7091400,6.64
2011-09-30,7.29,7.41,7.16,7.18,6616800,7.18
2011-09-29,7.60,7.69,7.29,7.41,5663400,7.41
2011-09-28,7.81,7.83,7.46,7.47,4393600,7.47
2011-09-27,7.81,8.04,7.74,7.78,5212100,7.78
2011-09-26,7.61,7.70,7.29,7.64,4723200,7.64
2011-09-23,7.26,7.63,7.19,7.58,4578300,7.58
2011-09-22,7.45,7.60,7.16,7.35,8223000,7.35
2011-09-21,7.97,8.06,7.72,7.72,4647600,7.72
2011-09-20,8.05,8.19,7.88,7.90,5111600,7.90
2011-09-19,8.03,8.14,7.90,8.01,7727000,8.01
2011-09-16,8.34,8.37,8.17,8.23,7872000,8.23
2011-09-15,7.97,8.42,7.95,8.36,15236600,8.36
2011-09-14,7.56,7.97,7.53,7.84,10336700,7.84
2011-09-13,7.33,7.55,7.27,7.47,8476300,7.47
2011-09-12,7.08,7.37,7.05,7.30,6766500,7.30
2011-09-09,7.13,7.26,6.99,7.17,6635800,7.17
2011-09-08,7.12,7.41,7.06,7.22,7342700,7.22
2011-09-07,6.93,7.19,6.93,7.11,7650200,7.11
2011-09-06,6.61,6.82,6.59,6.82,7533900,6.82
2011-09-02,6.97,7.10,6.81,6.92,3754500,6.92
2011-09-01,7.27,7.37,7.11,7.11,3832600,7.11
2011-08-31,7.50,7.52,7.21,7.27,4187200,7.27
2011-08-30,7.38,7.49,7.28,7.45,3396400,7.45
2011-08-29,7.30,7.49,7.28,7.43,3843400,7.43
2011-08-26,6.98,7.24,6.80,7.21,5778600,7.21
2011-08-25,7.13,7.22,7.00,7.06,5340000,7.06
2011-08-24,7.28,7.28,7.02,7.10,7618900,7.10
2011-08-23,6.70,7.33,6.68,7.32,7521600,7.32
2011-08-22,6.89,6.93,6.62,6.66,7175800,6.66
2011-08-19,6.79,7.11,6.70,6.71,5188500,6.71
2011-08-18,7.00,7.05,6.79,6.90,7763100,6.90
2011-08-17,7.57,7.63,7.27,7.38,5119000,7.38
2011-08-16,7.74,7.78,7.40,7.56,7600000,7.56
2011-08-15,7.83,7.90,7.72,7.81,6267500,7.81
2011-08-12,7.71,7.82,7.53,7.77,7953000,7.77
2011-08-11,7.26,7.72,7.02,7.59,8761000,7.59
2011-08-10,7.26,7.47,7.11,7.18,8938300,7.18
2011-08-09,7.06,7.35,6.94,7.34,10629500,7.34
2011-08-08,6.99,7.21,6.86,6.87,12600600,6.87
2011-08-05,7.80,7.80,7.12,7.23,13513100,7.23
2011-08-04,7.90,8.20,7.63,7.66,19549100,7.66
2011-08-03,8.33,8.58,8.21,8.57,11278200,8.57
2011-08-02,8.53,8.66,8.35,8.36,6240900,8.36
2011-08-01,8.88,8.91,8.51,8.64,7535800,8.64
2011-07-29,8.77,8.83,8.55,8.69,7031700,8.69
2011-07-28,9.00,9.10,8.83,8.84,6218000,8.84
2011-07-27,9.18,9.19,8.95,8.97,7407100,8.97
2011-07-26,9.23,9.41,9.09,9.29,8075600,9.29
2011-07-25,9.15,9.24,9.08,9.10,5020800,9.10
2011-07-22,8.95,9.40,8.93,9.29,6925100,9.29
2011-07-21,9.19,9.19,8.91,8.93,14168100,8.93
2011-07-20,9.28,9.41,9.08,9.16,3849200,9.16
2011-07-19,9.05,9.29,9.03,9.26,12455800,9.26
2011-07-18,9.28,9.28,8.86,8.94,9589700,8.94
2011-07-15,9.31,9.37,9.12,9.33,7827800,9.33
2011-07-14,9.34,9.72,9.18,9.30,12120000,9.30
2011-07-13,9.31,9.53,9.25,9.33,8017200,9.33
2011-07-12,9.72,9.74,9.10,9.22,23875800,9.22
2011-07-11,10.32,10.46,10.09,10.12,5885400,10.12
2011-07-08,10.41,10.52,10.20,10.50,7255400,10.50
2011-07-07,10.51,10.64,10.46,10.60,7425300,10.60
2011-07-06,10.65,10.67,10.31,10.41,7009100,10.41
2011-07-05,10.65,10.68,10.45,10.63,5043500,10.63
2011-07-01,10.55,10.77,10.41,10.67,4770200,10.67
2011-06-30,10.22,10.52,10.14,10.47,5017400,10.47
2011-06-29,10.28,10.33,10.13,10.16,3479700,10.16
2011-06-28,10.26,10.30,10.13,10.24,4658900,10.24
2011-06-27,10.18,10.29,10.05,10.23,5426700,10.23
2011-06-24,10.13,10.24,10.00,10.17,6688800,10.17
2011-06-23,9.83,10.17,9.77,10.13,8650100,10.13
2011-06-22,9.77,10.15,9.71,10.03,10313000,10.03
2011-06-21,9.72,10.01,9.65,9.80,8731400,9.80
2011-06-20,9.69,9.73,9.52,9.63,4082500,9.63
2011-06-17,9.93,9.99,9.64,9.74,3121400,9.74
2011-06-16,10.02,10.08,9.73,9.85,4914300,9.85
2011-06-15,10.06,10.30,10.00,10.04,8319100,10.04
2011-06-14,10.06,10.28,10.01,10.16,4310300,10.16
2011-06-13,10.21,10.23,9.86,9.94,4863600,9.94
2011-06-10,10.49,10.51,10.07,10.21,7595000,10.21
2011-06-09,10.45,10.84,10.36,10.54,6829700,10.54
2011-06-08,10.52,10.57,10.33,10.42,5775600,10.42
2011-06-07,10.56,10.70,10.47,10.57,3545600,10.57
2011-06-06,10.46,10.65,10.46,10.50,4206800,10.50
2011-06-03,10.75,10.84,10.50,10.51,7181900,10.51
2011-06-02,10.79,11.03,10.75,10.89,4919000,10.89
2011-06-01,11.17,11.25,10.77,10.79,5540000,10.79
2011-05-31,11.20,11.25,11.09,11.22,4154100,11.22
2011-05-27,10.97,11.12,10.97,11.11,3626800,11.11
2011-05-26,10.82,11.00,10.74,10.97,4643200,10.97
2011-05-25,10.77,10.87,10.66,10.78,6019700,10.78
2011-05-24,11.07,11.09,10.81,10.83,7924400,10.83
2011-05-23,10.96,11.10,10.87,11.03,7200000,11.03
2011-05-20,11.44,11.55,11.24,11.29,6256900,11.29
2011-05-19,11.71,11.73,11.42,11.50,3732400,11.50
2011-05-18,11.36,11.75,11.36,11.64,4551600,11.64
2011-05-17,11.35,11.45,11.17,11.32,5118700,11.32
2011-05-16,11.55,11.80,11.40,11.41,5523900,11.41
2011-05-13,11.70,11.82,11.54,11.64,5962700,11.64
2011-05-12,11.55,11.85,11.51,11.79,4600000,11.79
2011-05-11,11.67,11.80,11.50,11.66,6100000,11.66
2011-05-10,11.40,11.80,11.35,11.71,7563600,11.71
2011-05-09,11.40,11.51,11.21,11.38,7196200,11.38
2011-05-06,11.16,11.49,11.05,11.24,8759500,11.24
2011-05-05,11.00,11.58,10.87,11.02,26000000,11.02
2011-05-04,10.30,10.51,10.16,10.28,7586500,10.28
2011-05-03,10.48,10.65,10.25,10.35,7400000,10.35
2011-05-02,10.55,10.60,10.39,10.58,6338400,10.58
2011-04-29,10.28,10.55,10.24,10.50,5938900,10.50
2011-04-28,10.25,10.36,10.23,10.28,2100000,10.28
2011-04-27,10.40,10.44,10.24,10.25,4857900,10.25
2011-04-26,10.16,10.39,10.08,10.39,7900000,10.39
2011-04-25,9.96,10.18,9.92,10.10,4550500,10.10
2011-04-21,10.00,10.01,9.83,9.95,3023500,9.95
2011-04-20,9.73,9.94,9.63,9.89,8496600,9.89
2011-04-19,9.29,9.48,9.21,9.48,4496600,9.48
2011-04-18,9.42,9.45,9.23,9.24,5296000,9.24
2011-04-15,9.50,9.60,9.36,9.58,2769800,9.58
2011-04-14,9.55,9.62,9.34,9.48,7266700,9.48
2011-04-13,9.59,9.71,9.50,9.63,3976000,9.63
2011-04-12,9.56,9.59,9.40,9.50,8659900,9.50
2011-04-11,9.71,9.75,9.59,9.66,4634200,9.66
2011-04-08,9.79,9.87,9.66,9.71,3838100,9.71
2011-04-07,9.77,9.94,9.63,9.77,5070200,9.77
2011-04-06,10.08,10.09,9.77,9.81,6457300,9.81
2011-04-05,10.13,10.23,9.92,9.93,15524000,9.93
2011-04-04,9.75,9.77,9.57,9.67,4814400,9.67
2011-04-01,9.95,10.00,9.72,9.76,4600300,9.76
2011-03-31,9.83,9.92,9.69,9.86,2697800,9.86
2011-03-30,9.96,10.02,9.76,9.87,4182400,9.87
2011-03-29,9.98,10.03,9.81,9.93,2781900,9.93
2011-03-28,10.11,10.22,9.97,9.98,4463900,9.98
2011-03-25,10.08,10.17,9.97,10.09,4706500,10.09
2011-03-24,9.95,10.12,9.82,9.95,4857900,9.95
2011-03-23,9.71,9.87,9.63,9.86,4609300,9.86
2011-03-22,9.84,9.84,9.68,9.76,8098500,9.76
2011-03-21,9.77,9.93,9.73,9.89,6976200,9.89
2011-03-18,9.81,9.84,9.47,9.66,9909100,9.66
2011-03-17,9.68,10.03,9.65,9.73,14676000,9.73
2011-03-16,9.79,9.93,9.41,9.58,10099900,9.58
2011-03-15,9.55,9.87,9.40,9.79,12506800,9.79
2011-03-14,10.16,10.18,9.86,10.11,7998400,10.11
2011-03-11,10.07,10.39,10.04,10.28,4578200,10.28
2011-03-10,10.09,10.32,9.96,10.19,6818400,10.19
2011-03-09,10.64,10.65,10.26,10.31,6960500,10.31
2011-03-08,10.75,10.85,10.58,10.74,4616100,10.74
2011-03-07,11.17,11.18,10.52,10.71,7958900,10.71
2011-03-04,11.38,11.49,11.01,11.15,9676800,11.15
2011-03-03,11.20,11.29,10.98,11.08,7003300,11.08
2011-03-02,11.19,11.59,11.00,11.09,10406500,11.09
2011-03-01,11.22,11.28,10.85,10.96,6567500,10.96
2011-02-28,11.41,11.44,11.05,11.15,3887500,11.15
2011-02-25,11.16,11.45,11.12,11.38,4697200,11.38
2011-02-24,10.79,11.14,10.70,11.10,7068500,11.10
2011-02-23,10.88,10.88,10.33,10.84,11101600,10.84
2011-02-22,11.27,11.39,10.88,10.90,9372000,10.90
2011-02-18,11.75,11.76,11.51,11.61,3363700,11.61
2011-02-17,11.64,11.87,11.60,11.74,7438600,11.74
2011-02-16,11.60,11.70,11.44,11.63,5995100,11.63
2011-02-15,11.65,11.72,11.43,11.52,5240600,11.52
2011-02-14,11.30,11.65,11.28,11.65,5839200,11.65
2011-02-11,11.21,11.43,11.15,11.32,7470400,11.32
2011-02-10,11.11,11.39,11.04,11.19,7394700,11.19
2011-02-09,11.44,11.59,11.21,11.30,7903100,11.30
2011-02-08,11.62,11.65,11.46,11.55,6566000,11.55
2011-02-07,11.55,11.83,11.47,11.56,8538000,11.56
2011-02-04,11.16,11.69,11.16,11.54,13138700,11.54
2011-02-03,11.27,11.54,11.01,11.17,14303500,11.17
2011-02-02,11.49,11.78,11.29,11.50,12850100,11.50
2011-02-01,11.10,11.57,11.06,11.36,15378200,11.36
2011-01-31,10.94,11.16,10.85,11.05,10808400,11.05
2011-01-28,11.38,11.41,10.87,10.93,10915000,10.93
2011-01-27,11.42,11.50,11.24,11.36,7589600,11.36
2011-01-26,11.39,11.45,11.21,11.30,7034200,11.30
2011-01-25,11.27,11.28,11.11,11.23,5925200,11.23
2011-01-24,10.85,11.35,10.84,11.27,9111100,11.27
2011-01-21,11.21,11.25,10.80,10.85,7544500,10.85
2011-01-20,11.06,11.12,10.76,11.07,8924100,11.07
2011-01-19,11.49,11.57,11.19,11.22,13417100,11.22
2011-01-18,11.67,11.75,11.53,11.60,9835200,11.60
2011-01-14,11.37,11.95,11.30,11.64,20635300,11.64
2011-01-13,11.50,11.61,11.31,11.43,17473300,11.43
2011-01-12,11.10,11.44,10.98,11.37,13057200,11.37
2011-01-11,11.00,11.15,10.91,11.12,11576600,11.12
2011-01-10,10.85,11.00,10.66,11.00,12952800,11.00
2011-01-07,10.53,10.78,10.45,10.78,12845600,10.78
2011-01-06,10.32,10.44,10.26,10.42,6472400,10.42
2011-01-05,10.19,10.30,10.06,10.29,7561000,10.29
2011-01-04,9.95,10.30,9.91,10.23,14494400,10.23
2011-01-03,10.05,10.13,9.82,9.87,8189400,9.87
2010-12-31,9.87,9.94,9.80,9.88,2454600,9.88
2010-12-30,9.90,9.97,9.82,9.85,3998800,9.85
2010-12-29,9.71,9.95,9.66,9.92,9640700,9.92
2010-12-28,9.50,9.65,9.45,9.63,4940900,9.63
2010-12-27,9.38,9.50,9.29,9.47,3346100,9.47
2010-12-23,9.32,9.41,9.20,9.39,5864200,9.39
2010-12-22,9.14,9.30,9.14,9.28,4912300,9.28
2010-12-21,9.20,9.27,9.14,9.25,5126400,9.25
2010-12-20,9.18,9.21,9.07,9.17,2947900,9.17
2010-12-17,9.03,9.21,9.00,9.14,4348800,9.14
2010-12-16,8.94,9.03,8.89,9.01,2745100,9.01
2010-12-15,8.93,9.02,8.90,8.96,5189900,8.96
2010-12-14,9.17,9.18,8.98,9.01,5057900,9.01
2010-12-13,9.24,9.29,9.07,9.17,5712200,9.17
2010-12-10,9.34,9.36,9.11,9.24,5146000,9.24
2010-12-09,9.44,9.44,9.27,9.34,4765500,9.34
2010-12-08,9.21,9.43,9.08,9.41,9784000,9.41
2010-12-07,9.18,9.26,9.06,9.09,5221100,9.09
2010-12-06,9.17,9.24,9.06,9.13,5396800,9.13
2010-12-03,9.00,9.25,8.99,9.21,8681000,9.21
2010-12-02,8.67,9.10,8.64,9.09,14300400,9.09
2010-12-01,8.25,8.78,8.24,8.69,16211500,8.69
2010-11-30,8.05,8.19,7.99,8.16,7806700,8.16
2010-11-29,8.16,8.22,8.05,8.12,4744300,8.12
2010-11-26,8.14,8.27,8.11,8.18,1790300,8.18
2010-11-24,8.01,8.21,7.98,8.21,4771600,8.21
2010-11-23,8.00,8.04,7.88,7.95,3367500,7.95
2010-11-22,8.07,8.10,7.96,8.09,3215900,8.09
2010-11-19,7.95,8.03,7.93,8.02,5341700,8.02
2010-11-18,7.90,8.08,7.89,7.95,6152500,7.95
2010-11-17,7.85,7.95,7.74,7.79,3592900,7.79
2010-11-16,7.92,8.01,7.77,7.86,5098400,7.86
2010-11-15,8.06,8.13,7.94,7.95,3698400,7.95
2010-11-12,8.02,8.26,7.91,8.04,4579600,8.04
2010-11-11,7.99,8.18,7.89,8.10,3477500,8.10
2010-11-10,8.11,8.16,7.88,8.15,4909200,8.15
2010-11-09,8.25,8.33,8.13,8.16,4094700,8.16
2010-11-08,8.15,8.33,8.14,8.26,4551400,8.26
2010-11-05,7.98,8.27,7.98,8.21,8435600,8.21
2010-11-04,7.73,8.10,7.69,8.01,14880800,8.01
2010-11-03,7.86,7.87,7.52,7.86,10809000,7.86
2010-11-02,7.86,7.95,7.80,7.82,7003200,7.82
2010-11-01,7.73,7.88,7.71,7.79,8507800,7.79
2010-10-29,7.57,7.71,7.47,7.67,5063800,7.67
2010-10-28,7.65,7.66,7.43,7.57,4379300,7.57
2010-10-27,7.32,7.72,7.30,7.61,12504600,7.61
2010-10-26,7.31,7.50,7.21,7.36,8133400,7.36
2010-10-25,7.32,7.49,7.32,7.38,4994400,7.38
2010-10-22,7.06,7.32,7.06,7.30,4308700,7.30
2010-10-21,7.13,7.18,7.01,7.06,3646600,7.06
2010-10-20,7.04,7.19,7.00,7.16,3082000,7.16
2010-10-19,7.06,7.19,6.96,7.04,4381200,7.04
2010-10-18,7.20,7.21,7.07,7.10,4480000,7.10
2010-10-15,7.08,7.23,7.07,7.22,5838300,7.22
2010-10-14,7.00,7.15,6.97,6.99,9849300,6.99
2010-10-13,7.08,7.10,6.94,7.03,9651000,7.03
2010-10-12,6.95,7.11,6.93,7.06,6575700,7.06
2010-10-11,7.03,7.07,6.96,6.96,8875900,6.96
2010-10-08,6.97,7.10,6.87,7.04,8719600,7.04
2010-10-07,6.97,7.03,6.87,6.99,5065000,6.99
2010-10-06,7.05,7.10,6.89,6.97,7532500,6.97
2010-10-05,7.15,7.30,7.11,7.24,9217900,7.24
2010-10-04,7.19,7.24,6.99,7.11,3470100,7.11
2010-10-01,7.22,7.32,7.08,7.23,7077400,7.23
2010-09-30,7.30,7.34,7.14,7.21,8407100,7.21
2010-09-29,7.20,7.32,7.14,7.24,5326300,7.24
2010-09-28,6.99,7.23,6.84,7.22,9335700,7.22
2010-09-27,6.81,7.03,6.72,7.01,7764500,7.01
2010-09-24,6.74,6.84,6.65,6.79,6169000,6.79
2010-09-23,6.62,6.78,6.57,6.61,3593000,6.61
2010-09-22,6.83,6.85,6.61,6.66,6443000,6.66
2010-09-21,6.74,6.89,6.70,6.86,6650400,6.86
2010-09-20,6.58,6.77,6.56,6.71,5299000,6.71
2010-09-17,6.77,6.88,6.56,6.56,10463200,6.56
2010-09-16,6.65,6.77,6.63,6.74,5261800,6.74
2010-09-15,6.59,6.71,6.52,6.67,8953300,6.67
2010-09-14,6.37,6.72,6.27,6.62,8158100,6.62
2010-09-13,6.20,6.38,6.20,6.36,3746600,6.36
2010-09-10,6.14,6.26,6.07,6.16,7670200,6.16
2010-09-09,6.43,6.48,6.19,6.20,11515800,6.20
2010-09-08,6.29,6.43,6.19,6.39,7910100,6.39
2010-09-07,6.42,6.44,6.30,6.33,6311400,6.33
2010-09-03,6.66,6.67,6.46,6.52,8144900,6.52
2010-09-02,6.45,6.62,6.39,6.54,5114300,6.54
2010-09-01,6.28,6.46,6.26,6.42,6016500,6.42
2010-08-31,6.25,6.35,6.12,6.18,6349100,6.18
2010-08-30,6.42,6.48,6.30,6.31,4214300,6.31
2010-08-27,6.28,6.52,6.08,6.41,7661000,6.41
2010-08-26,6.27,6.35,6.21,6.22,5058100,6.22
2010-08-25,6.20,6.27,6.14,6.24,7802400,6.24
2010-08-24,6.24,6.33,6.20,6.26,6562800,6.26
2010-08-23,6.42,6.50,6.39,6.42,5925500,6.42
2010-08-20,6.41,6.49,6.37,6.43,2629900,6.43
2010-08-19,6.52,6.60,6.32,6.44,4109600,6.44
2010-08-18,6.53,6.62,6.49,6.53,3501000,6.53
2010-08-17,6.50,6.61,6.41,6.53,5633300,6.53
2010-08-16,6.38,6.53,6.30,6.41,4214700,6.41
2010-08-13,6.37,6.48,6.36,6.36,4692400,6.36
2010-08-12,6.32,6.52,6.22,6.37,7091500,6.37
2010-08-11,6.60,6.65,6.38,6.43,9043600,6.43
2010-08-10,6.78,6.80,6.65,6.71,6951600,6.71
2010-08-09,6.83,6.90,6.70,6.85,8774400,6.85
2010-08-06,6.65,6.85,6.64,6.83,10027400,6.83
2010-08-05,6.70,6.89,6.63,6.69,17975800,6.69
2010-08-04,6.84,6.99,6.72,6.96,12116300,6.96
2010-08-03,6.84,6.87,6.70,6.79,7224200,6.79
2010-08-02,6.75,6.95,6.69,6.89,10283600,6.89
2010-07-30,6.80,6.87,6.65,6.75,9340200,6.75
2010-07-29,7.12,7.14,6.73,6.84,10381300,6.84
2010-07-28,7.12,7.23,7.00,7.05,7034800,7.05
2010-07-27,7.43,7.45,7.09,7.16,8685400,7.16
2010-07-26,7.27,7.42,7.07,7.42,6744700,7.42
2010-07-23,7.28,7.38,7.21,7.29,5448600,7.29
2010-07-22,7.13,7.37,7.12,7.32,5679800,7.32
2010-07-21,7.34,7.36,7.04,7.08,8501600,7.08
2010-07-20,6.99,7.29,6.87,7.27,10121700,7.27
2010-07-19,7.09,7.24,7.03,7.22,5264100,7.22
2010-07-16,7.01,7.30,6.90,7.05,13730700,7.05
2010-07-15,6.90,7.06,6.69,7.04,11420800,7.04
2010-07-14,7.00,7.09,6.86,6.94,6510700,6.94
2010-07-13,6.80,6.96,6.80,6.93,5766600,6.93
2010-07-12,6.75,6.90,6.64,6.76,6160300,6.76
2010-07-09,6.69,6.77,6.61,6.75,3821800,6.75
2010-07-08,6.74,6.77,6.56,6.69,5716800,6.69
2010-07-07,6.31,6.67,6.31,6.64,4924300,6.64
2010-07-06,6.49,6.50,6.24,6.31,5707300,6.31
2010-07-02,6.43,6.44,6.18,6.31,4996800,6.31
2010-07-01,6.40,6.54,6.17,6.40,10462600,6.40
2010-06-30,6.58,6.72,6.36,6.38,11623800,6.38
2010-06-29,6.53,6.66,6.48,6.56,14753500,6.56
2010-06-28,6.66,6.84,6.63,6.67,5189300,6.67
2010-06-25,6.72,6.79,6.59,6.68,7413000,6.68
2010-06-24,6.79,6.83,6.53,6.68,12360400,6.68
2010-06-23,6.85,6.95,6.67,6.80,13568100,6.80
2010-06-22,7.15,7.28,6.95,6.99,6239900,6.99
2010-06-21,7.29,7.35,7.10,7.14,4733000,7.14
2010-06-18,7.21,7.30,7.17,7.18,3876900,7.18
2010-06-17,7.29,7.33,7.16,7.23,5432500,7.23
2010-06-16,7.16,7.36,7.07,7.23,9646500,7.23
2010-06-15,6.86,7.12,6.80,7.11,12691300,7.11
2010-06-14,6.92,6.97,6.75,6.78,8823800,6.78
2010-06-11,6.53,6.85,6.50,6.78,8662400,6.78
2010-06-10,6.67,6.67,6.52,6.60,9250400,6.60
2010-06-09,6.54,6.70,6.42,6.45,11275200,6.45
2010-06-08,6.72,6.74,6.43,6.51,15520300,6.51
2010-06-07,7.05,7.10,6.59,6.70,14816000,6.70
2010-06-04,7.11,7.30,7.03,7.06,6910000,7.06
2010-06-03,7.34,7.45,7.19,7.35,7503200,7.35
2010-06-02,7.22,7.28,7.05,7.27,6511100,7.27
2010-06-01,7.28,7.43,7.14,7.15,7805200,7.15
2010-05-28,7.51,7.53,7.19,7.31,8419200,7.31
2010-05-27,7.32,7.53,7.26,7.49,7846100,7.49
2010-05-26,7.25,7.40,7.09,7.17,9590200,7.17
2010-05-25,7.07,7.20,6.90,7.15,16372600,7.15
2010-05-24,7.30,7.52,7.28,7.34,9762100,7.34
2010-05-21,7.10,7.49,7.06,7.35,8522800,7.35
2010-05-20,7.29,7.45,7.10,7.27,9465900,7.27
2010-05-19,7.47,7.66,7.30,7.50,9960100,7.50
2010-05-18,7.89,7.96,7.46,7.52,13900500,7.52
2010-05-17,7.78,7.89,7.56,7.78,8760900,7.78
2010-05-14,7.85,7.85,7.62,7.76,12633700,7.76
2010-05-13,8.02,8.13,7.88,7.94,9283400,7.94
2010-05-12,7.88,8.08,7.83,8.08,12456100,8.08
2010-05-11,7.71,8.00,7.70,7.85,11937000,7.85
2010-05-10,7.90,8.08,7.66,7.82,17338600,7.82
2010-05-07,7.38,7.70,7.06,7.61,24893400,7.61
2010-05-06,7.94,7.99,6.80,7.40,29460900,7.40
2010-05-05,7.80,8.00,7.62,7.75,13546600,7.75
2010-05-04,8.03,8.06,7.75,7.95,13896200,7.95
2010-05-03,8.00,8.27,7.88,8.15,18394700,8.15
2010-04-30,8.37,8.37,7.88,7.96,14745100,7.96
2010-04-29,8.34,8.39,8.25,8.36,8419900,8.36
2010-04-28,8.34,8.38,8.09,8.28,7552300,8.28
2010-04-27,8.40,8.45,8.17,8.25,10511400,8.25
2010-04-26,8.63,8.66,8.42,8.44,11455300,8.44
2010-04-23,8.46,8.63,8.18,8.56,14262100,8.56
2010-04-22,8.30,8.55,8.12,8.52,9825700,8.52
2010-04-21,8.73,8.75,8.31,8.48,9583900,8.48
2010-04-20,8.58,8.73,8.55,8.63,6984100,8.63
2010-04-19,8.54,8.66,8.34,8.51,8720700,8.51
2010-04-16,8.85,8.85,8.51,8.69,8384300,8.69
2010-04-15,8.81,8.92,8.75,8.88,6612500,8.88
2010-04-14,8.71,8.90,8.68,8.86,17465500,8.86
2010-04-13,8.42,8.54,8.34,8.48,10030000,8.48
2010-04-12,8.33,8.43,8.25,8.38,10216000,8.38
2010-04-09,8.32,8.47,8.20,8.44,7977300,8.44
2010-04-08,8.35,8.47,8.18,8.26,17848500,8.26
2010-04-07,8.30,8.49,8.28,8.47,10742000,8.47
2010-04-06,8.33,8.40,8.23,8.30,9236200,8.30
2010-04-05,8.11,8.36,8.08,8.34,10985200,8.34
2010-04-01,8.11,8.31,7.95,8.06,9301200,8.06
2010-03-31,7.99,8.12,7.87,8.00,9249900,8.00
2010-03-30,7.91,8.06,7.90,7.95,9346800,7.95
2010-03-29,7.99,8.07,7.88,7.92,6261700,7.92
2010-03-26,8.02,8.10,7.84,7.93,11048500,7.93
2010-03-25,8.08,8.18,8.00,8.00,11118200,8.00
2010-03-24,8.13,8.17,7.85,7.98,14087400,7.98
2010-03-23,8.14,8.27,8.10,8.24,7004100,8.24
2010-03-22,7.78,8.16,7.72,8.05,9834300,8.05
2010-03-19,7.96,7.98,7.73,7.85,9290800,7.85
2010-03-18,8.03,8.09,7.87,7.96,5146700,7.96
2010-03-17,8.12,8.15,8.01,8.06,14609400,8.06
2010-03-16,7.86,8.15,7.75,8.07,17158200,8.07
2010-03-15,7.95,7.95,7.70,7.86,12046700,7.86
2010-03-12,8.11,8.11,7.93,8.00,12970200,8.00
2010-03-11,8.20,8.24,7.81,8.05,24330700,8.05
2010-03-10,8.20,8.46,8.19,8.27,8447900,8.27
2010-03-09,8.07,8.27,8.06,8.23,9954700,8.23
2010-03-08,8.22,8.28,8.07,8.16,7426600,8.16
2010-03-05,8.15,8.36,8.15,8.22,11972400,8.22
2010-03-04,8.20,8.27,8.05,8.10,12082500,8.10
2010-03-03,8.29,8.44,8.15,8.20,6301900,8.20
2010-03-02,8.27,8.46,8.20,8.30,13224700,8.30
2010-03-01,8.00,8.24,8.00,8.20,10273200,8.20
2010-02-26,7.94,8.00,7.80,7.96,8180200,7.96
2010-02-25,7.86,8.03,7.79,7.99,8438600,7.99
2010-02-24,7.90,8.17,7.88,8.04,11192900,8.04
2010-02-23,8.17,8.19,7.74,7.87,10826500,7.87
2010-02-22,8.22,8.35,8.16,8.21,7050500,8.21
2010-02-19,8.11,8.31,8.02,8.21,7338600,8.21
2010-02-18,8.05,8.20,7.93,8.16,5595300,8.16
2010-02-17,8.19,8.30,7.99,8.08,6266900,8.08
2010-02-16,8.15,8.18,8.04,8.16,5525200,8.16
2010-02-12,7.79,8.15,7.65,8.02,11237300,8.02
2010-02-11,7.71,8.03,7.63,7.92,9632200,7.92
2010-02-10,7.75,7.84,7.65,7.77,7997100,7.77
2010-02-09,7.74,7.84,7.65,7.69,12274900,7.69
2010-02-08,7.47,7.77,7.35,7.62,10763700,7.62
2010-02-05,7.42,7.51,7.20,7.49,12520000,7.49
2010-02-04,7.65,7.70,7.22,7.39,24467700,7.39
2010-02-03,7.85,7.89,7.61,7.86,19362400,7.86
2010-02-02,7.66,7.89,7.51,7.81,11172800,7.81
2010-02-01,7.23,7.57,7.21,7.56,12397900,7.56
2010-01-29,7.59,7.66,7.06,7.21,15453700,7.21
2010-01-28,7.99,7.99,7.29,7.44,20256200,7.44
2010-01-27,7.88,8.01,7.75,7.94,8462600,7.94
2010-01-26,7.85,7.96,7.74,7.88,7781900,7.88
2010-01-25,7.76,8.02,7.74,7.92,10853300,7.92
2010-01-22,8.06,8.06,7.62,7.67,13017500,7.67
2010-01-21,8.23,8.41,7.95,8.09,11894800,8.09
2010-01-20,8.05,8.15,7.96,8.12,10169600,8.12
2010-01-19,8.03,8.21,7.96,8.17,9250900,8.17
2010-01-15,8.53,8.53,7.97,7.99,11143300,7.99
2010-01-14,8.56,8.59,8.30,8.51,7355800,8.51
2010-01-13,8.57,8.60,8.25,8.59,7049600,8.59
2010-01-12,8.94,8.94,8.42,8.49,8592700,8.49
2010-01-11,9.00,9.00,8.81,8.97,9063300,8.97
2010-01-08,8.97,9.11,8.76,8.89,8507100,8.89
2010-01-07,8.95,9.04,8.82,8.89,5903400,8.89
2010-01-06,8.80,9.00,8.69,8.90,6213800,8.90
2010-01-05,8.91,8.96,8.72,8.79,5729100,8.79
2010-01-04,8.86,9.03,8.84,8.87,6018800,8.87
2009-12-31,8.80,8.90,8.77,8.82,3982000,8.82
2009-12-30,8.67,8.89,8.67,8.82,2738500,8.82
2009-12-29,8.81,8.90,8.66,8.75,2340500,8.75
2009-12-28,8.90,9.01,8.76,8.80,6561900,8.80
2009-12-24,8.86,8.88,8.78,8.87,1607200,8.87
2009-12-23,8.80,8.85,8.71,8.76,7324000,8.76
2009-12-22,8.63,8.94,8.60,8.75,11310600,8.75
2009-12-21,8.40,8.60,8.37,8.58,6992700,8.58
2009-12-18,8.28,8.40,8.11,8.28,5752400,8.28
2009-12-17,8.40,8.43,8.10,8.14,7659700,8.14
2009-12-16,8.47,8.70,8.42,8.45,7888200,8.45
2009-12-15,8.53,8.60,8.34,8.38,7268000,8.38
2009-12-14,8.19,8.60,8.08,8.51,8353500,8.51
2009-12-11,8.20,8.35,8.02,8.11,7018500,8.11
2009-12-10,8.30,8.37,8.13,8.24,5550400,8.24
2009-12-09,8.17,8.27,8.06,8.26,4906900,8.26
2009-12-08,8.18,8.48,8.08,8.24,9411400,8.24
2009-12-07,8.32,8.49,8.17,8.22,6497500,8.22
2009-12-04,8.42,8.43,8.10,8.38,7427800,8.38
2009-12-03,8.25,8.40,8.14,8.19,7502100,8.19
2009-12-02,8.33,8.64,8.11,8.18,14595200,8.18
2009-12-01,7.83,8.35,7.83,8.31,17004500,8.31
2009-11-30,7.65,7.76,7.53,7.76,8967900,7.76
2009-11-27,7.56,7.67,7.49,7.58,4736500,7.58
2009-11-25,7.78,7.87,7.68,7.69,6875900,7.69
2009-11-24,7.88,7.99,7.68,7.87,8511800,7.87
2009-11-23,7.81,7.96,7.76,7.84,5799800,7.84
2009-11-20,7.75,7.84,7.64,7.73,6991400,7.73
2009-11-19,8.06,8.12,7.56,7.86,12278700,7.86
2009-11-18,8.25,8.31,8.09,8.25,9447400,8.25
2009-11-17,8.05,8.32,7.98,8.30,10000500,8.30
2009-11-16,7.88,8.16,7.86,8.15,11342100,8.15
2009-11-13,7.63,7.89,7.60,7.84,8775800,7.84
2009-11-12,7.61,7.81,7.58,7.67,8992800,7.67
2009-11-11,7.63,7.75,7.55,7.65,7571800,7.65
2009-11-10,7.47,7.59,7.33,7.51,8228900,7.51
2009-11-09,7.37,7.63,7.37,7.55,8088600,7.55
2009-11-06,7.24,7.45,7.13,7.32,7440800,7.32
2009-11-05,7.40,7.50,7.20,7.29,25794200,7.29
2009-11-04,6.65,6.95,6.60,6.83,16746400,6.83
2009-11-03,6.43,6.56,6.32,6.53,21986200,6.53
2009-11-02,6.69,6.78,6.50,6.67,12037500,6.67
2009-10-30,6.93,6.93,6.60,6.69,12881900,6.69
2009-10-29,6.66,6.91,6.66,6.86,12825900,6.86
2009-10-28,7.00,7.00,6.54,6.60,17479000,6.60
2009-10-27,7.27,7.34,6.90,7.00,10843400,7.00
2009-10-26,7.31,7.54,7.17,7.27,7714500,7.27
2009-10-23,7.56,7.61,7.25,7.31,7983100,7.31
2009-10-22,7.55,7.62,7.31,7.54,8544600,7.54
2009-10-21,7.63,7.92,7.50,7.51,10343300,7.51
2009-10-20,7.84,7.89,7.69,7.72,10365300,7.72
2009-10-19,7.62,7.76,7.55,7.68,10539800,7.68
2009-10-16,7.75,7.83,7.53,7.54,16203700,7.54
2009-10-15,8.23,8.27,7.89,7.90,15486700,7.90
2009-10-14,8.14,8.39,8.06,8.37,19471800,8.37
2009-10-13,8.20,8.23,7.84,7.87,15863300,7.87
2009-10-12,8.00,8.28,7.97,8.11,9502400,8.11
2009-10-09,7.64,7.99,7.63,7.94,16454400,7.94
2009-10-08,7.93,7.95,7.50,7.64,16671700,7.64
2009-10-07,7.81,7.93,7.73,7.86,6703600,7.86
2009-10-06,7.85,7.96,7.75,7.84,10866900,7.84
2009-10-05,7.63,7.83,7.51,7.75,11638800,7.75
2009-10-02,7.55,7.67,7.41,7.49,18897000,7.49
2009-10-01,8.44,8.45,7.74,7.76,14223300,7.76
2009-09-30,8.18,8.30,7.96,8.25,10398900,8.25
2009-09-29,8.20,8.28,8.00,8.07,8312300,8.07
2009-09-28,8.13,8.32,8.12,8.18,6750100,8.18
2009-09-25,8.12,8.20,7.93,8.11,8465700,8.11
2009-09-24,8.44,8.47,8.03,8.24,8547600,8.24
2009-09-23,8.42,8.61,8.32,8.36,7789600,8.36
2009-09-22,8.44,8.60,8.36,8.43,7512100,8.43
2009-09-21,8.21,8.40,8.16,8.36,4837500,8.36
2009-09-18,8.45,8.54,8.27,8.27,8743500,8.27
2009-09-17,8.60,8.71,8.38,8.40,7154700,8.40
2009-09-16,8.71,8.71,8.51,8.60,8788600,8.60
2009-09-15,8.61,8.68,8.51,8.51,6042700,8.51
2009-09-14,8.44,8.61,8.39,8.59,5734600,8.59
2009-09-11,9.05,9.10,8.42,8.52,13291100,8.52
2009-09-10,8.70,9.12,8.61,9.07,15447000,9.07
2009-09-09,8.49,8.65,8.31,8.59,15765800,8.59
2009-09-08,8.40,8.55,8.26,8.46,11793200,8.46
2009-09-04,8.11,8.37,8.09,8.32,6843000,8.32
2009-09-03,8.01,8.09,7.90,8.07,5955400,8.07
2009-09-02,7.86,8.03,7.86,7.95,8152100,7.95
2009-09-01,8.18,8.38,7.87,7.94,12101900,7.94
2009-08-31,8.22,8.24,7.97,8.07,22500100,8.07
2009-08-28,8.14,8.38,8.14,8.22,9774800,8.22
2009-08-27,8.05,8.17,7.86,8.14,7127000,8.14
2009-08-26,7.91,8.14,7.90,8.10,11081900,8.10
2009-08-25,7.87,7.97,7.81,7.95,6249300,7.95
2009-08-24,7.96,8.11,7.85,7.88,7638000,7.88
2009-08-21,7.82,8.01,7.64,7.88,9451000,7.88
2009-08-20,7.85,7.87,7.63,7.73,10934100,7.73
2009-08-19,7.75,7.96,7.69,7.79,9494700,7.79
2009-08-18,7.64,7.99,7.63,7.95,10682800,7.95
2009-08-17,7.50,7.69,7.39,7.58,8588900,7.58
2009-08-14,8.00,8.00,7.71,7.84,12804600,7.84
2009-08-13,7.86,8.02,7.78,8.01,16016300,8.01
2009-08-12,7.60,7.85,7.50,7.75,10515300,7.75
2009-08-11,7.63,7.67,7.40,7.49,11302200,7.49
2009-08-10,7.71,7.73,7.53,7.60,11822300,7.60
2009-08-07,7.51,7.63,7.37,7.49,9607800,7.49
2009-08-06,7.85,7.88,7.30,7.41,14974600,7.41
2009-08-05,7.47,7.59,7.29,7.51,13594200,7.51
2009-08-04,7.44,7.63,7.40,7.44,9641800,7.44
2009-08-03,7.40,7.62,7.32,7.58,8188700,7.58
2009-07-31,7.12,7.37,7.10,7.30,8963300,7.30
2009-07-30,7.39,7.48,7.02,7.09,13368800,7.09
2009-07-29,7.37,7.40,7.18,7.26,10612300,7.26
2009-07-28,7.43,7.57,7.30,7.40,11080300,7.40
2009-07-27,7.55,7.62,7.40,7.55,6002500,7.55
2009-07-24,7.59,7.64,7.37,7.63,7485000,7.63
2009-07-23,7.72,7.84,7.63,7.70,8278200,7.70
2009-07-22,7.57,7.81,7.57,7.75,9376200,7.75
2009-07-21,7.60,7.66,7.47,7.61,7390900,7.61
2009-07-20,7.65,7.70,7.44,7.63,9888200,7.63
2009-07-17,7.51,7.65,7.41,7.60,5309000,7.60
2009-07-16,7.30,7.63,7.25,7.57,9230200,7.57
2009-07-15,7.31,7.53,7.30,7.40,13572000,7.40
2009-07-14,7.00,7.19,7.00,7.14,7909800,7.14
2009-07-13,6.84,7.05,6.74,7.05,7997600,7.05
2009-07-10,6.55,6.88,6.55,6.85,11336100,6.85
2009-07-09,6.53,6.75,6.45,6.64,6366500,6.64
2009-07-08,6.44,6.56,6.30,6.44,7608600,6.44
2009-07-07,6.72,6.77,6.49,6.49,6614700,6.49
2009-07-06,6.76,6.88,6.53,6.72,8640800,6.72
2009-07-02,6.98,7.05,6.91,6.92,6715600,6.92
2009-07-01,6.95,7.29,6.83,7.11,13098900,7.11
2009-06-30,6.81,6.93,6.70,6.86,10644600,6.86
2009-06-29,6.76,6.89,6.71,6.85,6150800,6.85
2009-06-26,6.80,6.86,6.67,6.80,7041700,6.80
2009-06-25,6.53,6.80,6.39,6.77,8612800,6.77
2009-06-24,6.38,6.62,6.26,6.51,10688200,6.51
2009-06-23,6.25,6.37,5.97,6.24,11576300,6.24
2009-06-22,6.65,6.70,6.23,6.25,13474500,6.25
2009-06-19,6.78,6.91,6.71,6.79,9628000,6.79
2009-06-18,6.68,6.79,6.50,6.74,10413800,6.74
2009-06-17,6.57,6.73,6.38,6.63,9375100,6.63
2009-06-16,6.79,6.89,6.62,6.62,8925200,6.62
2009-06-15,6.75,6.84,6.58,6.77,7250500,6.77
2009-06-12,6.85,6.91,6.71,6.86,4895900,6.86
2009-06-11,6.88,7.03,6.84,6.94,9003200,6.94
2009-06-10,7.04,7.04,6.81,6.97,8910000,6.97
2009-06-09,6.82,6.96,6.69,6.91,12688100,6.91
2009-06-08,6.36,6.65,6.31,6.58,10144400,6.58
2009-06-05,6.65,6.73,6.43,6.46,9445500,6.46
2009-06-04,6.43,6.60,6.41,6.59,6764000,6.59
2009-06-03,6.41,6.50,6.24,6.43,14206700,6.43
2009-06-02,6.90,6.94,6.67,6.70,8725300,6.70
2009-06-01,7.00,7.15,6.90,6.99,10244800,6.99
2009-05-29,6.69,6.85,6.53,6.82,10034100,6.82
2009-05-28,6.48,6.64,6.25,6.60,6683500,6.60
2009-05-27,6.50,6.56,6.32,6.37,8008100,6.37
2009-05-26,6.35,6.48,6.27,6.46,15918500,6.46
2009-05-22,6.19,6.28,6.08,6.22,4403000,6.22
2009-05-21,6.19,6.28,5.91,6.13,10692600,6.13
2009-05-20,6.44,6.67,6.29,6.33,9130300,6.33
2009-05-19,6.15,6.48,6.02,6.35,9998400,6.35
2009-05-18,5.78,6.28,5.75,6.23,13878500,6.23
2009-05-15,5.80,5.88,5.61,5.69,7135800,5.69
2009-05-14,5.36,5.80,5.30,5.76,9387600,5.76
2009-05-13,5.66,5.69,5.43,5.48,7717400,5.48
2009-05-12,6.02,6.02,5.53,5.71,10254400,5.71
2009-05-11,5.79,6.04,5.60,5.93,17292800,5.93
2009-05-08,6.20,6.25,5.54,5.61,23394000,5.61
2009-05-07,6.47,6.50,5.52,5.71,20503000,5.71
2009-05-06,6.10,6.20,5.83,6.09,14753800,6.09
2009-05-05,6.07,6.14,5.88,6.10,14156900,6.10
2009-05-04,5.81,6.09,5.81,6.05,14938500,6.05
2009-05-01,5.38,5.75,5.28,5.74,10707100,5.74
2009-04-30,5.39,5.62,5.30,5.42,10553000,5.42
2009-04-29,4.78,5.49,4.78,5.30,17621200,5.30
2009-04-28,4.75,4.87,4.65,4.74,4246800,4.74
2009-04-27,4.77,4.91,4.74,4.81,4903900,4.81
2009-04-24,4.91,5.02,4.73,4.95,7096100,4.95
2009-04-23,5.15,5.22,4.75,4.84,7794400,4.84
2009-04-22,4.87,5.32,4.80,5.09,12214300,5.09
2009-04-21,4.83,5.02,4.72,4.93,9222700,4.93
2009-04-20,5.21,5.26,4.83,4.90,8075700,4.90
2009-04-17,5.09,5.40,4.98,5.33,9213500,5.33
2009-04-16,5.05,6.20,5.00,5.08,14599200,5.08
2009-04-15,4.89,4.99,4.77,4.93,4389600,4.93
2009-04-14,4.85,5.20,4.79,4.97,12172100,4.97
2009-04-13,4.72,4.93,4.53,4.87,7121200,4.87
2009-04-09,4.75,4.85,4.65,4.79,7945400,4.79
2009-04-08,4.59,4.75,4.52,4.57,6918500,4.57
2009-04-07,4.60,4.65,4.47,4.53,4634600,4.53
2009-04-06,4.75,4.77,4.49,4.66,12701700,4.66
2009-04-03,4.65,4.96,4.50,4.91,11614100,4.91
2009-04-02,4.46,4.71,4.42,4.56,7856400,4.56
2009-04-01,4.11,4.41,4.02,4.37,10507800,4.37
2009-03-31,3.92,4.02,3.88,3.90,6630700,3.90
2009-03-30,3.87,3.90,3.69,3.88,6601500,3.88
2009-03-27,4.31,4.33,4.05,4.05,12701100,4.05
2009-03-26,4.23,4.49,4.10,4.41,12486600,4.41
2009-03-25,4.50,4.72,4.09,4.34,10955700,4.34
2009-03-24,4.50,4.58,4.38,4.47,6200000,4.47
2009-03-23,4.40,4.62,4.30,4.61,8225200,4.61
2009-03-20,4.60,4.60,4.08,4.20,9746600,4.20
2009-03-19,4.58,4.70,4.43,4.50,11199500,4.50
2009-03-18,4.44,4.61,4.19,4.60,14692800,4.60
2009-03-17,4.11,4.56,4.07,4.49,19283700,4.49
2009-03-16,4.32,4.32,4.05,4.11,7900900,4.11
2009-03-13,4.15,4.37,4.11,4.25,15003600,4.25
2009-03-12,4.00,4.23,3.92,4.15,9084800,4.15
2009-03-11,3.66,4.01,3.60,3.96,10632200,3.96
2009-03-10,3.53,3.80,3.48,3.62,13424500,3.62
2009-03-09,3.38,3.63,3.27,3.37,7327100,3.37
2009-03-06,3.68,3.76,3.26,3.46,10192800,3.46
2009-03-05,3.62,3.80,3.51,3.67,8573700,3.67
2009-03-04,3.46,3.77,3.42,3.67,12412700,3.67
2009-03-03,3.34,3.52,3.20,3.31,9482000,3.31
2009-03-02,3.64,3.72,3.26,3.34,10063600,3.34
2009-02-27,3.44,3.74,3.39,3.66,7637200,3.66
2009-02-26,3.74,3.83,3.43,3.50,8069400,3.50
2009-02-25,3.48,3.75,3.38,3.65,11753300,3.65
2009-02-24,3.25,3.52,3.17,3.48,10324800,3.48
2009-02-23,3.37,3.46,3.17,3.20,7310600,3.20
2009-02-20,3.33,3.51,3.22,3.39,11169800,3.39
2009-02-19,3.58,3.87,3.43,3.49,9613900,3.49
2009-02-18,3.75,3.83,3.55,3.57,9671600,3.57
2009-02-17,4.16,4.18,3.69,3.73,11665500,3.73
2009-02-13,4.34,4.39,4.17,4.35,5892900,4.35
2009-02-12,4.30,4.44,4.09,4.30,10665900,4.30
2009-02-11,4.41,4.52,4.18,4.37,9001200,4.37
2009-02-10,4.60,4.74,4.33,4.41,8799100,4.41
2009-02-09,4.99,5.00,4.59,4.66,7359600,4.66
2009-02-06,4.73,5.10,4.71,4.97,10190700,4.97
2009-02-05,4.39,4.88,4.31,4.74,22233700,4.74
2009-02-04,4.04,4.43,3.97,4.27,10179800,4.27
2009-02-03,4.26,4.26,3.90,4.05,9687100,4.05
2009-02-02,4.14,4.17,3.98,4.08,10969700,4.08
2009-01-30,4.45,4.49,4.10,4.17,5341700,4.17
2009-01-29,4.57,4.58,4.33,4.35,8000300,4.35
2009-01-28,4.37,4.83,4.35,4.70,10252200,4.70
2009-01-27,4.18,4.33,4.05,4.26,10306200,4.26
2009-01-26,4.12,4.29,4.06,4.15,3951300,4.15
2009-01-23,3.85,4.24,3.85,4.17,6727200,4.17
2009-01-22,4.09,4.11,3.81,3.99,6079600,3.99
2009-01-21,4.21,4.35,3.95,4.11,14070500,4.11
2009-01-20,4.44,4.50,4.11,4.20,15519300,4.20
2009-01-16,4.20,4.40,4.15,4.40,13545200,4.40
2009-01-15,4.01,4.09,3.68,4.08,10407900,4.08
2009-01-14,4.06,4.19,3.97,4.02,8394300,4.02
2009-01-13,4.19,4.44,4.03,4.14,10226500,4.14
2009-01-12,4.52,4.60,4.10,4.19,10278600,4.19
2009-01-09,4.46,4.77,4.33,4.59,9014100,4.59
2009-01-08,4.00,4.56,3.96,4.52,16169900,4.52
2009-01-07,4.15,4.28,4.01,4.04,7524800,4.04
2009-01-06,3.90,4.28,3.87,4.24,10013700,4.24
2009-01-05,3.76,4.16,3.67,3.91,8512400,3.91
2009-01-02,3.43,3.88,3.38,3.83,6270400,3.83
2008-12-31,3.26,3.44,3.17,3.40,4779000,3.40
2008-12-30,3.30,3.40,3.15,3.28,5220000,3.28
2008-12-29,3.20,3.32,3.05,3.31,3887200,3.31
2008-12-26,3.18,3.27,3.18,3.25,1453400,3.25
2008-12-24,3.29,3.33,3.18,3.18,819200,3.18
2008-12-23,3.42,3.55,3.27,3.33,2408700,3.33
2008-12-22,3.49,3.61,3.36,3.47,2756600,3.47
2008-12-19,3.56,3.60,3.37,3.54,7126600,3.54
2008-12-18,3.79,3.84,3.35,3.46,8547900,3.46
2008-12-17,3.91,4.01,3.71,3.85,10397600,3.85
2008-12-16,3.59,3.95,3.51,3.95,6300800,3.95
2008-12-15,3.50,3.64,3.39,3.58,8579200,3.58
2008-12-12,3.35,3.55,3.30,3.51,9985200,3.51
2008-12-11,3.58,3.64,3.35,3.49,8231000,3.49
2008-12-10,3.00,3.82,2.95,3.70,11667200,3.70
2008-12-09,2.97,3.16,2.81,2.95,12037000,2.95
2008-12-08,3.04,3.27,2.96,3.04,8120100,3.04
2008-12-05,2.86,3.00,2.67,3.00,9627800,3.00
2008-12-04,3.20,3.21,2.81,2.96,8615300,2.96
2008-12-03,2.72,3.30,2.70,3.29,11215800,3.29
2008-12-02,2.71,2.88,2.62,2.87,8161500,2.87
2008-12-01,2.88,2.88,2.60,2.68,13490600,2.68
2008-11-28,2.84,3.03,2.82,2.92,2707800,2.92
2008-11-26,2.70,2.93,2.63,2.88,12474400,2.88
2008-11-25,2.69,2.81,2.51,2.76,11150000,2.76
2008-11-24,2.74,2.85,2.54,2.64,8292600,2.64
2008-11-21,2.70,2.80,2.35,2.62,8649600,2.62
2008-11-20,2.83,3.09,2.50,2.60,10915200,2.60
2008-11-19,3.33,3.43,2.89,2.90,12342300,2.90
2008-11-18,3.69,3.80,3.11,3.34,16928200,3.34
2008-11-17,3.48,3.49,3.16,3.27,11281700,3.27
2008-11-14,3.72,4.01,3.48,3.50,15392500,3.50
2008-11-13,4.19,4.19,2.97,3.77,26427200,3.77
2008-11-12,4.40,4.47,4.10,4.14,5521800,4.14
2008-11-11,4.61,4.61,4.29,4.44,5959900,4.44
2008-11-10,5.18,5.18,4.59,4.65,3745300,4.65
2008-11-07,4.79,5.07,4.68,5.06,5022200,5.06
2008-11-06,5.32,5.32,4.76,4.77,9132500,4.77
2008-11-05,5.44,5.71,5.22,5.23,11376000,5.23
2008-11-04,5.50,5.87,5.34,5.51,10643300,5.51
2008-11-03,5.34,5.44,5.09,5.34,5634700,5.34
2008-10-31,4.80,5.58,4.80,5.11,11792000,5.11
2008-10-30,5.06,5.22,4.57,4.94,21800500,4.94
2008-10-29,4.63,5.26,4.63,5.01,12246800,5.01
2008-10-28,4.67,4.89,4.37,4.89,8248000,4.89
2008-10-27,4.50,4.83,4.38,4.56,5821700,4.56
2008-10-24,4.24,4.66,4.08,4.55,7406800,4.55
2008-10-23,4.80,4.92,4.30,4.69,10047000,4.69
2008-10-22,4.97,5.11,4.65,4.82,7096200,4.82
2008-10-21,5.36,5.40,4.94,4.97,11523100,4.97
2008-10-20,5.18,5.62,5.16,5.49,7730000,5.49
2008-10-17,4.74,5.35,4.70,5.17,7921900,5.17
2008-10-16,4.62,4.91,4.30,4.90,8850400,4.90
2008-10-15,5.36,5.40,4.52,4.53,9795600,4.53
2008-10-14,5.40,5.61,5.20,5.49,14875000,5.49
2008-10-13,4.92,5.26,4.54,5.14,9895900,5.14
2008-10-10,4.55,4.77,3.85,4.36,19246400,4.36
2008-10-09,4.89,5.12,4.59,4.62,14441200,4.62
2008-10-08,4.52,4.88,4.25,4.75,18040600,4.75
2008-10-07,5.35,5.40,4.62,4.69,11428800,4.69
2008-10-06,5.20,5.52,4.80,5.21,14905100,5.21
2008-10-03,5.73,6.04,5.43,5.48,15233100,5.48
2008-10-02,6.59,6.59,4.93,5.58,32533300,5.58
2008-10-01,6.74,6.79,6.50,6.54,5596100,6.54
2008-09-30,6.25,6.85,6.11,6.76,10446700,6.76
2008-09-29,6.78,6.89,5.99,6.15,13613600,6.15
2008-09-26,6.75,7.04,6.68,7.02,9812200,7.02
2008-09-25,6.70,7.04,6.54,6.97,15943200,6.97
2008-09-24,7.10,7.12,6.52,6.59,11295100,6.59
2008-09-23,7.13,7.25,6.85,6.98,8943400,6.98
2008-09-22,7.39,7.52,7.04,7.06,7300800,7.06
2008-09-19,7.64,7.82,7.32,7.44,13688000,7.44
2008-09-18,7.19,7.38,6.50,7.24,17994200,7.24
2008-09-17,7.23,7.47,6.73,7.03,16092700,7.03
2008-09-16,7.02,7.57,6.72,7.38,17941400,7.38
2008-09-15,7.28,7.52,7.05,7.19,9369800,7.19
2008-09-12,7.70,7.70,7.40,7.50,9680900,7.50
2008-09-11,7.70,7.79,7.43,7.75,10099000,7.75
2008-09-10,7.72,7.81,7.47,7.75,12183200,7.75
2008-09-09,7.81,7.98,7.47,7.56,15748900,7.56
2008-09-08,8.38,8.45,7.47,7.75,21748200,7.75
2008-09-05,7.98,8.31,7.88,8.26,11455100,8.26
2008-09-04,8.56,8.60,7.90,8.14,22995800,8.14
2008-09-03,9.23,9.28,8.65,8.68,13827500,8.68
2008-09-02,9.62,9.68,9.04,9.14,8085200,9.14
2008-08-29,9.75,9.80,9.35,9.47,7589500,9.47
2008-08-28,9.68,9.79,9.57,9.71,4522200,9.71
2008-08-27,9.67,9.84,9.52,9.64,8959600,9.64
2008-08-26,9.62,9.81,9.41,9.52,7296900,9.52
2008-08-25,9.88,9.91,9.56,9.67,7223700,9.67
2008-08-22,9.90,10.12,9.88,9.90,5373300,9.90
2008-08-21,9.85,10.00,9.74,9.85,6056200,9.85
2008-08-20,9.98,10.18,9.86,9.99,9145800,9.99
2008-08-19,10.28,10.30,9.83,9.93,11394900,9.93
2008-08-18,10.40,10.49,10.22,10.39,7134900,10.39
2008-08-15,10.62,10.72,10.16,10.42,11827600,10.42
2008-08-14,10.22,10.66,10.20,10.56,8084600,10.56
2008-08-13,10.15,10.42,10.13,10.34,9624100,10.34
2008-08-12,10.31,10.65,10.17,10.19,12452700,10.19
2008-08-11,9.98,10.60,9.91,10.37,14719500,10.37
2008-08-08,9.86,10.15,9.86,10.06,15976300,10.06
2008-08-07,9.89,10.09,9.80,9.87,18662000,9.87
2008-08-06,10.19,10.21,9.66,10.07,41457000,10.07
2008-08-05,9.27,9.44,9.04,9.43,18530200,9.43
2008-08-04,9.29,9.42,8.98,9.06,9172600,9.06
2008-08-01,9.40,9.50,9.16,9.37,5932000,9.37
2008-07-31,9.27,9.50,9.20,9.39,11369300,9.39
2008-07-30,9.13,9.46,9.07,9.43,8612700,9.43
2008-07-29,8.95,9.18,8.91,9.08,8319400,9.08
2008-07-28,8.95,9.01,8.80,8.87,7079000,8.87
2008-07-25,8.92,8.96,8.62,8.93,10691400,8.93
2008-07-24,9.10,9.12,8.81,8.81,7588200,8.81
2008-07-23,9.03,9.16,8.97,9.09,10168300,9.09
2008-07-22,9.07,9.10,8.78,9.02,7548900,9.02
2008-07-21,9.20,9.35,9.09,9.09,5635800,9.09
2008-07-18,9.24,9.42,9.07,9.28,9284500,9.28
2008-07-17,8.94,9.29,8.91,9.26,17307900,9.26
2008-07-16,8.56,8.85,8.45,8.84,12548100,8.84
2008-07-15,8.40,8.69,8.13,8.50,11331700,8.50
2008-07-14,8.90,8.95,8.41,8.50,9074800,8.50
2008-07-11,8.38,8.85,8.36,8.72,9798400,8.72
2008-07-10,8.48,8.62,8.28,8.59,9782400,8.59
2008-07-09,9.05,9.07,8.47,8.51,12979400,8.51
2008-07-08,9.00,9.18,8.66,9.06,17251000,9.06
2008-07-07,9.38,9.59,8.88,9.05,13194900,9.05
2008-07-03,9.41,9.43,9.03,9.22,5090500,9.22
2008-07-02,9.75,9.90,9.53,9.56,13280900,9.56
2008-07-01,9.05,9.74,9.02,9.72,14498400,9.72
2008-06-30,9.36,9.50,9.12,9.17,10808400,9.17
2008-06-27,8.96,9.42,8.86,9.40,43573500,9.40
2008-06-26,9.25,9.31,8.75,9.05,20959400,9.05
2008-06-25,9.15,9.59,9.08,9.47,9412600,9.47
2008-06-24,9.16,9.41,9.02,9.05,7794600,9.05
2008-06-23,9.27,9.38,9.02,9.27,8018000,9.27
2008-06-20,9.44,9.49,9.20,9.33,7977800,9.33
2008-06-19,9.09,9.75,9.09,9.50,13767900,9.50
2008-06-18,9.14,9.16,8.74,9.09,8430800,9.09
2008-06-17,9.40,9.45,8.89,8.99,10292000,8.99
2008-06-16,8.97,9.40,8.88,9.35,6392600,9.35
2008-06-13,8.81,9.17,8.72,9.05,8793300,9.05
2008-06-12,8.81,9.16,8.66,8.70,9870300,8.70
2008-06-11,9.03,9.14,8.61,8.72,14604500,8.72
2008-06-10,9.50,9.50,8.94,9.26,13372500,9.26
2008-06-09,9.75,9.77,9.41,9.61,6114800,9.61
2008-06-06,10.00,10.06,9.57,9.61,7398800,9.61
2008-06-05,9.79,10.09,9.66,10.09,12028900,10.09
2008-06-04,9.55,9.87,9.50,9.76,7514200,9.76
2008-06-03,9.86,9.89,9.46,9.58,6663200,9.58
2008-06-02,9.96,10.00,9.68,9.80,8208900,9.80
2008-05-30,10.02,10.05,9.83,9.89,5752200,9.89
2008-05-29,9.74,10.02,9.74,9.99,8096500,9.99
2008-05-28,10.06,10.16,9.74,9.80,9490800,9.80
2008-05-27,9.89,10.08,9.72,10.08,6971700,10.08
2008-05-23,9.88,9.90,9.60,9.79,6244500,9.79
2008-05-22,9.69,9.98,9.56,9.96,6668100,9.96
2008-05-21,10.00,10.10,9.50,9.67,10020000,9.67
2008-05-20,10.10,10.17,9.80,9.97,9851800,9.97
2008-05-19,10.62,10.85,10.11,10.18,19603300,10.18
2008-05-16,10.15,10.42,9.91,10.39,16768700,10.39
2008-05-15,9.89,10.06,9.76,10.00,13833600,10.00
2008-05-14,9.70,10.19,9.70,9.83,20070800,9.83
2008-05-13,9.73,9.79,9.33,9.68,9131400,9.68
2008-05-12,9.56,9.75,9.41,9.70,5951300,9.70
2008-05-09,9.36,9.75,9.36,9.59,7751000,9.59
2008-05-08,9.58,9.88,9.54,9.63,21536000,9.63
2008-05-07,9.28,9.74,8.95,9.40,58836100,9.40
2008-05-06,7.69,7.87,7.58,7.81,8667800,7.81
2008-05-05,7.70,7.85,7.56,7.72,6847300,7.72
2008-05-02,7.77,7.85,7.51,7.72,9871800,7.72
2008-05-01,7.49,7.70,7.39,7.69,6465200,7.69
2008-04-30,7.42,7.66,7.38,7.47,9341400,7.47
2008-04-29,7.48,7.60,7.28,7.41,7153300,7.41
2008-04-28,7.40,7.61,7.28,7.48,16769200,7.48
2008-04-25,7.13,7.15,6.80,7.11,5786300,7.11
2008-04-24,6.92,7.25,6.73,7.06,7714000,7.06
2008-04-23,6.70,6.94,6.66,6.90,6467300,6.90
2008-04-22,6.95,6.97,6.60,6.69,5701100,6.69
2008-04-21,6.73,7.03,6.70,6.92,5992700,6.92
2008-04-18,6.74,6.87,6.59,6.80,6623400,6.80
2008-04-17,6.84,6.87,6.44,6.56,11353600,6.56
2008-04-16,6.61,6.98,6.61,6.88,11062900,6.88
2008-04-15,6.55,6.58,6.36,6.53,7863300,6.53
2008-04-14,6.29,6.63,6.28,6.49,7141200,6.49
2008-04-11,6.71,6.72,6.46,6.48,5872300,6.48
2008-04-10,6.67,6.84,6.57,6.79,5612300,6.79
2008-04-09,6.60,6.83,6.60,6.66,11157700,6.66
2008-04-08,6.71,6.73,6.48,6.60,11913100,6.60
2008-04-07,6.80,6.91,6.73,6.83,11421700,6.83
2008-04-04,6.61,6.83,6.34,6.79,15228100,6.79
2008-04-03,6.28,6.63,6.25,6.58,13506100,6.58
2008-04-02,6.15,6.38,6.07,6.35,13804100,6.35
2008-04-01,5.85,6.13,5.80,6.08,12024600,6.08
2008-03-31,5.56,5.76,5.46,5.68,7055200,5.68
2008-03-28,5.55,5.68,5.51,5.53,6883000,5.53
2008-03-27,5.70,5.75,5.52,5.55,10518800,5.55
2008-03-26,5.85,5.91,5.60,5.69,7953100,5.69
2008-03-25,5.66,6.03,5.63,5.90,20116400,5.90
2008-03-24,5.24,5.64,5.24,5.60,13418400,5.60
2008-03-20,5.18,5.27,5.00,5.22,15712200,5.22
2008-03-19,5.32,5.35,5.01,5.01,13267500,5.01
2008-03-18,5.17,5.35,4.93,5.34,15760400,5.34
2008-03-17,5.10,5.13,4.86,4.99,14455800,4.99
2008-03-14,5.45,5.45,5.15,5.22,8624800,5.22
2008-03-13,5.46,5.50,5.31,5.41,10401800,5.41
2008-03-12,5.58,5.69,5.47,5.52,7515700,5.52
2008-03-11,5.57,5.64,5.37,5.56,12281000,5.56
2008-03-10,5.61,5.73,5.40,5.46,10075900,5.46
2008-03-07,5.39,5.76,5.38,5.60,7144200,5.60
2008-03-06,5.87,5.91,5.56,5.59,11000600,5.59
2008-03-05,5.87,6.00,5.83,5.90,5953500,5.90
2008-03-04,5.88,5.90,5.69,5.83,9358500,5.83
2008-03-03,6.02,6.14,5.78,5.93,8108800,5.93
2008-02-29,6.06,6.22,6.00,6.00,10611700,6.00
2008-02-28,6.23,6.23,5.96,5.98,5829000,5.98
2008-02-27,5.91,6.32,5.90,6.27,13152800,6.27
2008-02-26,5.96,6.05,5.82,5.96,7056700,5.96
2008-02-25,5.86,6.05,5.85,6.01,4767200,6.01
2008-02-22,5.83,5.95,5.76,5.88,8574000,5.88
2008-02-21,6.15,6.23,5.76,5.81,7088400,5.81
2008-02-20,5.69,6.10,5.66,6.09,9277600,6.09
2008-02-19,5.90,5.96,5.68,5.72,5282600,5.72
2008-02-15,6.08,6.11,5.66,5.78,12069400,5.78
2008-02-14,6.41,6.50,6.11,6.13,6191400,6.13
2008-02-13,6.50,6.54,6.25,6.41,6652400,6.41
2008-02-12,6.29,6.43,6.24,6.32,6208000,6.32
2008-02-11,6.36,6.41,6.22,6.25,7547400,6.25
2008-02-08,6.44,6.57,6.38,6.45,5685700,6.45
2008-02-07,6.26,6.67,6.20,6.46,6858200,6.46
2008-02-06,6.72,6.77,6.25,6.30,8624200,6.30
2008-02-05,6.86,6.99,6.62,6.65,6694200,6.65
2008-02-04,7.25,7.35,6.94,6.99,7060600,6.99
2008-02-01,6.64,7.37,6.51,7.27,16137400,7.27
2008-01-31,6.41,6.73,6.33,6.48,15343700,6.48
2008-01-30,6.82,6.84,6.49,6.51,11857600,6.51
2008-01-29,6.79,6.98,6.69,6.86,9789200,6.86
2008-01-28,6.82,6.86,6.61,6.74,9317000,6.74
2008-01-25,7.34,7.75,6.73,6.82,11480300,6.82
2008-01-24,7.12,7.33,7.11,7.25,7989800,7.25
2008-01-23,6.96,7.21,6.70,7.10,7856500,7.10
2008-01-22,6.84,7.32,6.75,7.14,9944700,7.14
2008-01-18,7.09,7.40,7.08,7.25,8979800,7.25
2008-01-17,7.20,7.31,7.00,7.06,8017600,7.06
2008-01-16,7.08,7.32,6.78,7.18,15130400,7.18
2008-01-15,7.38,7.49,7.07,7.13,8173900,7.13
2008-01-14,7.56,7.59,7.36,7.50,5545800,7.50
2008-01-11,7.66,7.75,7.42,7.47,7102500,7.47
2008-01-10,7.47,7.81,7.30,7.71,6449100,7.71
2008-01-09,7.32,7.56,7.22,7.54,8391400,7.54
2008-01-08,7.63,7.88,7.33,7.35,5526900,7.35
2008-01-07,7.93,7.98,7.57,7.69,6505300,7.69
2008-01-04,8.08,8.13,7.75,7.89,7213100,7.89
2008-01-03,8.50,8.55,8.25,8.28,6151900,8.28
2008-01-02,8.99,9.06,8.50,8.58,6521400,8.58
2007-12-31,8.86,9.05,8.76,8.88,3491000,8.88
2007-12-28,9.02,9.12,8.92,8.92,3172100,8.92
2007-12-27,9.11,9.19,8.85,8.86,3354300,8.86
2007-12-26,8.90,9.21,8.87,9.17,5678100,9.17
2007-12-24,8.90,9.05,8.75,8.95,4287500,8.95
2007-12-21,8.63,8.85,8.52,8.85,8145500,8.85
2007-12-20,8.36,8.51,8.20,8.49,7029800,8.49
2007-12-19,8.11,8.34,8.04,8.26,6910200,8.26
2007-12-18,8.30,8.32,7.96,8.11,9579300,8.11
2007-12-17,8.17,8.40,8.07,8.19,8264700,8.19
2007-12-14,8.24,8.29,7.99,8.24,18477900,8.24
2007-12-13,8.00,8.57,7.78,8.54,23785100,8.54
2007-12-12,9.09,9.23,8.69,8.82,6518100,8.82
2007-12-11,9.02,9.35,8.88,8.88,5690500,8.88
2007-12-10,9.17,9.23,8.99,9.03,4523500,9.03
2007-12-07,8.97,9.35,8.96,9.13,12268300,9.13
2007-12-06,9.00,9.09,8.97,9.02,6311300,9.02
2007-12-05,8.93,9.20,8.85,9.04,7843500,9.04
2007-12-04,8.84,8.96,8.63,8.78,4775000,8.78
2007-12-03,9.25,9.27,8.84,8.86,6303100,8.86
2007-11-30,9.61,9.75,9.11,9.19,7263800,9.19
2007-11-29,9.31,9.55,9.20,9.45,11979300,9.45
2007-11-28,8.74,9.39,8.70,9.35,10763200,9.35
2007-11-27,8.50,8.63,8.31,8.62,6331200,8.62
2007-11-26,8.62,8.70,8.28,8.31,5055100,8.31
2007-11-23,8.50,8.67,8.42,8.62,1775200,8.62
2007-11-21,8.42,8.53,8.20,8.48,6863700,8.48
2007-11-20,8.75,8.89,8.35,8.61,6592700,8.61
2007-11-19,8.88,8.92,8.74,8.76,5041600,8.76
2007-11-16,9.06,9.12,8.85,8.99,7439900,8.99
2007-11-15,9.35,9.38,8.95,9.04,9696300,9.04
2007-11-14,9.27,9.47,9.13,9.38,10089300,9.38
2007-11-13,8.99,9.29,8.95,9.23,5164300,9.23
2007-11-12,9.28,9.40,8.85,8.85,8127400,8.85
2007-11-09,8.65,9.36,8.63,9.22,14528900,9.22
2007-11-08,9.12,9.20,8.50,8.73,17302600,8.73
2007-11-07,9.38,9.43,9.07,9.10,10251800,9.10
2007-11-06,9.62,9.67,9.38,9.54,6469400,9.54
2007-11-05,9.62,9.74,9.50,9.61,7122800,9.61
2007-11-02,9.95,10.02,9.67,9.75,6585300,9.75
2007-11-01,10.20,10.20,9.84,9.86,9558800,9.86
2007-10-31,10.32,10.32,9.87,10.20,15901200,10.20
2007-10-30,10.03,10.55,9.73,10.22,54484200,10.22
2007-10-29,12.23,12.30,11.85,12.19,7665500,12.19
2007-10-26,12.28,12.45,11.99,12.24,7027000,12.24
2007-10-25,12.40,12.45,11.84,12.10,6555700,12.10
2007-10-24,12.92,12.93,12.09,12.38,7793300,12.38
2007-10-23,12.57,13.07,12.45,12.99,7575900,12.99
2007-10-22,12.37,12.67,12.26,12.45,4637700,12.45
2007-10-19,12.78,12.81,12.41,12.48,6223700,12.48
2007-10-18,12.40,12.87,12.37,12.81,5144800,12.81
2007-10-17,12.45,12.72,12.16,12.50,6246600,12.50
2007-10-16,12.48,12.52,12.23,12.26,4323200,12.26
2007-10-15,12.48,12.60,12.33,12.52,7473700,12.52
2007-10-12,12.28,12.50,12.13,12.50,3920900,12.50
2007-10-11,12.59,12.74,11.96,12.27,8093400,12.27
2007-10-10,12.44,12.70,12.42,12.61,6280900,12.61
2007-10-09,12.46,12.61,12.14,12.44,4923200,12.44
2007-10-08,12.55,12.60,12.33,12.54,3478000,12.54
2007-10-05,12.62,12.88,12.36,12.60,5725500,12.60
2007-10-04,12.42,12.51,12.22,12.43,6945500,12.43
2007-10-03,12.61,12.80,12.34,12.40,5727500,12.40
2007-10-02,12.54,12.71,12.43,12.47,4482700,12.47
2007-10-01,12.61,12.75,12.43,12.55,7866800,12.55
2007-09-28,12.56,12.75,12.36,12.56,4981700,12.56
2007-09-27,12.82,12.84,12.51,12.57,7174900,12.57
2007-09-26,13.00,13.15,12.56,12.74,8751300,12.74
2007-09-25,12.46,12.88,12.20,12.85,9698500,12.85
2007-09-24,12.49,12.72,12.38,12.47,4080500,12.47
2007-09-21,12.65,12.79,12.37,12.72,4672100,12.72
2007-09-20,12.55,12.75,12.43,12.51,4466900,12.51
2007-09-19,12.22,12.73,12.21,12.63,8748100,12.63
2007-09-18,11.80,12.28,11.70,12.22,7611000,12.22
2007-09-17,11.47,11.57,11.20,11.51,4602100,11.51
2007-09-14,11.48,11.63,11.40,11.49,2989100,11.49
2007-09-13,11.50,11.70,11.34,11.57,3537800,11.57
2007-09-12,11.98,12.00,11.56,11.58,8331200,11.58
2007-09-11,11.82,12.12,11.79,11.99,3320200,11.99
2007-09-10,11.80,11.95,11.52,11.78,3434900,11.78
2007-09-07,11.57,11.94,11.50,11.70,7128300,11.70
2007-09-06,12.12,12.12,11.77,11.86,3895500,11.86
2007-09-05,11.94,12.61,11.91,12.08,11281300,12.08
2007-09-04,11.95,12.28,11.77,12.09,5732900,12.09
2007-08-31,11.62,11.83,11.53,11.72,3200700,11.72
2007-08-30,11.37,11.65,11.23,11.40,3447300,11.40
2007-08-29,11.58,11.67,11.32,11.48,3318900,11.48
2007-08-28,11.70,11.80,11.23,11.29,5461500,11.29
2007-08-27,12.14,12.19,11.73,11.75,3606400,11.75
2007-08-24,11.74,12.24,11.68,12.20,5540300,12.20
2007-08-23,11.70,11.97,11.59,11.70,7037500,11.70
2007-08-22,11.41,11.74,11.36,11.58,4993400,11.58
2007-08-21,11.19,11.45,11.06,11.40,6806100,11.40
2007-08-20,11.11,11.38,10.95,11.19,3514500,11.19
2007-08-17,11.64,11.88,11.05,11.08,5705100,11.08
2007-08-16,11.08,11.22,10.48,11.18,6488800,11.18
2007-08-15,11.21,11.55,11.02,11.15,4315500,11.15
2007-08-14,11.44,11.64,11.20,11.23,4491300,11.23
2007-08-13,11.50,11.66,11.28,11.37,4568900,11.37
2007-08-10,10.41,11.49,10.24,11.37,7071000,11.37
2007-08-09,11.17,11.50,10.34,10.57,9886600,10.57
2007-08-08,11.25,11.67,11.20,11.32,7139400,11.32
2007-08-07,11.28,11.38,11.07,11.13,6123000,11.13
2007-08-06,11.44,11.50,11.00,11.33,5956400,11.33
2007-08-03,11.96,12.00,11.24,11.39,6246100,11.39
2007-08-02,11.80,11.97,11.56,11.94,6381500,11.94
2007-08-01,11.74,12.01,11.43,11.80,11162200,11.80
2007-07-31,11.85,12.52,11.71,11.82,19840900,11.82
2007-07-30,10.84,11.12,10.65,11.01,7866800,11.01
2007-07-27,11.00,11.15,10.60,10.80,6480600,10.80
2007-07-26,11.30,11.38,10.83,11.15,9019700,11.15
2007-07-25,11.51,11.65,11.39,11.53,5696100,11.53
2007-07-24,11.57,11.72,11.30,11.40,4507600,11.40
2007-07-23,11.62,11.91,11.61,11.70,4209500,11.70
2007-07-20,11.72,11.74,11.47,11.56,4523700,11.56
2007-07-19,11.68,11.83,11.64,11.75,4104500,11.75
2007-07-18,11.78,11.86,11.48,11.57,6099700,11.57
2007-07-17,11.76,12.00,11.65,11.90,4662900,11.90
2007-07-16,11.83,11.88,11.65,11.78,3677500,11.78
2007-07-13,11.66,11.90,11.58,11.84,3562400,11.84
2007-07-12,11.29,11.80,11.17,11.70,7673200,11.70
2007-07-11,11.12,11.28,10.96,11.20,3205000,11.20
2007-07-10,11.27,11.35,11.06,11.19,6184400,11.19
2007-07-09,11.40,11.45,11.23,11.32,4885900,11.32
2007-07-06,11.37,11.45,11.21,11.40,3750100,11.40
2007-07-05,11.33,11.46,11.24,11.35,5151300,11.35
2007-07-03,11.13,11.27,11.08,11.27,3005500,11.27
2007-07-02,10.77,11.15,10.77,11.10,7253600,11.10
2007-06-29,10.96,11.05,10.67,10.72,5740000,10.72
2007-06-28,10.67,11.06,10.61,10.91,8381900,10.91
2007-06-27,10.37,10.69,10.32,10.65,5609400,10.65
2007-06-26,10.65,10.66,10.36,10.46,4025900,10.46
2007-06-25,10.81,10.91,10.52,10.60,5054700,10.60
2007-06-22,11.00,11.14,10.76,10.76,14660700,10.76
2007-06-21,10.82,11.05,10.66,11.03,8177000,11.03
2007-06-20,11.17,11.19,10.77,10.85,3957500,10.85
2007-06-19,11.07,11.10,10.91,11.04,4416800,11.04
2007-06-18,11.10,11.22,11.00,11.18,5628500,11.18
2007-06-15,11.05,11.17,10.97,11.06,5685400,11.06
2007-06-14,10.65,10.97,10.65,10.91,5931800,10.91
2007-06-13,10.90,10.95,10.60,10.62,7065800,10.62
2007-06-12,10.81,10.88,10.56,10.83,5991500,10.83
2007-06-11,10.91,10.97,10.71,10.86,3335100,10.86
2007-06-08,10.53,10.96,10.53,10.90,6208100,10.90
2007-06-07,10.63,10.78,10.33,10.51,6701100,10.51
2007-06-06,10.72,10.82,10.56,10.66,6911600,10.66
2007-06-05,10.88,10.95,10.64,10.80,4329700,10.80
2007-06-04,10.74,10.97,10.69,10.85,3643200,10.85
2007-06-01,10.81,10.98,10.76,10.81,4708400,10.81
2007-05-31,10.77,10.95,10.60,10.74,8696300,10.74
2007-05-30,10.56,10.73,10.43,10.70,4759500,10.70
2007-05-29,10.51,10.81,10.51,10.72,5716600,10.72
2007-05-25,10.54,10.74,10.48,10.55,3758600,10.55
2007-05-24,10.87,10.95,10.40,10.48,8277500,10.48
2007-05-23,11.17,11.19,10.86,10.90,7788800,10.90
2007-05-22,11.23,11.37,11.09,11.24,8230100,11.24
2007-05-21,11.28,11.30,11.13,11.19,8162400,11.19
2007-05-18,11.05,11.15,10.88,11.08,3746700,11.08
2007-05-17,11.21,11.25,10.99,11.06,5468100,11.06
2007-05-16,10.91,11.28,10.91,11.19,7589100,11.19
2007-05-15,10.97,11.19,10.80,10.89,6790800,10.89
2007-05-14,11.10,11.14,10.96,10.98,4856700,10.98
2007-05-11,11.00,11.26,10.90,11.09,5940200,11.09
2007-05-10,11.25,11.43,10.95,11.14,13499400,11.14
2007-05-09,11.33,11.45,11.14,11.35,8809400,11.35
2007-05-08,10.93,11.30,10.85,11.24,20636700,11.24
2007-05-07,11.28,11.55,11.20,11.23,10053800,11.23
2007-05-04,11.00,11.26,10.99,11.15,9046900,11.15
2007-05-03,10.65,11.11,10.54,10.98,12064400,10.98
2007-05-02,10.68,10.97,10.56,10.57,9220600,10.57
2007-05-01,10.72,10.84,10.52,10.64,7776100,10.64
2007-04-30,11.10,11.20,10.68,10.71,9540500,10.71
2007-04-27,10.30,11.75,10.27,11.16,22594600,11.16
2007-04-26,10.45,10.48,10.18,10.38,8896500,10.38
2007-04-25,10.31,10.54,10.27,10.39,13232700,10.39
2007-04-24,10.26,10.48,10.22,10.30,9154100,10.30
2007-04-23,9.96,10.23,9.96,10.17,3658200,10.17
2007-04-20,10.17,10.28,9.94,10.01,6601000,10.01
2007-04-19,9.94,10.19,9.84,10.06,5048800,10.06
2007-04-18,9.75,10.30,9.73,10.02,11114000,10.02
2007-04-17,9.65,9.79,9.54,9.72,6488300,9.72
2007-04-16,9.95,9.96,9.71,9.73,4979000,9.73
2007-04-13,9.96,9.96,9.78,9.84,8476000,9.84
2007-04-12,9.68,9.96,9.65,9.90,7958000,9.90
2007-04-11,9.53,9.83,9.48,9.71,10161900,9.71
2007-04-10,9.57,9.64,9.34,9.53,14842400,9.53
2007-04-09,9.76,9.78,9.46,9.55,11426300,9.55
2007-04-05,9.45,9.75,9.40,9.68,12534400,9.68
2007-04-04,8.91,9.47,8.89,9.47,11382400,9.47
2007-04-03,8.84,9.08,8.81,8.92,6139900,8.92
2007-04-02,8.78,9.13,8.74,8.81,8402900,8.81
2007-03-30,8.94,8.96,8.73,8.92,8292800,8.92
2007-03-29,9.23,9.26,8.69,8.87,14083300,8.87
2007-03-28,9.59,9.59,9.15,9.16,9179300,9.16
2007-03-27,9.50,9.73,9.50,9.60,9429900,9.60
2007-03-26,9.58,9.73,9.38,9.52,12939500,9.52
2007-03-23,9.79,9.83,9.44,9.57,9291600,9.57
2007-03-22,9.89,10.04,9.75,9.83,8230400,9.83
2007-03-21,9.76,10.00,9.65,9.90,6403400,9.90
2007-03-20,9.82,9.85,9.61,9.72,8420600,9.72
2007-03-19,9.94,10.02,9.82,9.88,7004100,9.88
2007-03-16,9.96,10.00,9.65,9.86,9465000,9.86
2007-03-15,10.03,10.09,9.88,9.97,7266100,9.97
2007-03-14,9.90,10.09,9.82,10.04,6564100,10.04
2007-03-13,10.19,10.35,9.95,9.98,7044500,9.98
2007-03-12,10.19,10.41,10.16,10.35,5340000,10.35
2007-03-09,10.11,10.39,10.00,10.34,11654300,10.34
2007-03-08,9.84,10.04,9.75,9.99,10380500,9.99
2007-03-07,9.70,9.94,9.51,9.57,13562100,9.57
2007-03-06,9.50,9.78,9.40,9.75,14591900,9.75
2007-03-05,9.38,9.74,9.19,9.21,9961900,9.21
2007-03-02,9.68,9.87,9.41,9.49,6083900,9.49
2007-03-01,9.28,9.90,9.05,9.75,11459800,9.75
2007-02-28,10.07,10.16,9.59,9.82,13631800,9.82
2007-02-27,10.32,10.50,9.81,10.10,11708100,10.10
2007-02-26,10.82,10.88,10.53,10.58,5829800,10.58
2007-02-23,10.49,10.78,10.43,10.76,9723000,10.76
2007-02-22,10.35,10.65,10.24,10.44,13230200,10.44
2007-02-21,10.21,10.35,10.15,10.25,7621500,10.25
2007-02-20,10.14,10.35,9.91,10.27,6071800,10.27
2007-02-16,9.99,10.20,9.85,10.20,6879600,10.20
2007-02-15,9.89,10.16,9.76,9.98,6897100,9.98
2007-02-14,9.66,10.03,9.65,9.87,9953200,9.87
2007-02-13,9.50,9.70,9.50,9.69,7269500,9.69
2007-02-12,9.40,9.63,9.30,9.48,3999400,9.48
2007-02-09,9.53,9.80,9.48,9.55,8486600,9.55
2007-02-08,9.70,9.72,9.51,9.55,6268100,9.55
2007-02-07,9.66,9.73,9.52,9.72,10322800,9.72
2007-02-06,9.40,9.74,9.36,9.61,13495700,9.61
2007-02-05,9.58,9.80,9.47,9.68,9268400,9.68
2007-02-02,9.82,9.91,9.70,9.70,11442200,9.70
2007-02-01,9.05,9.76,9.00,9.72,42975400,9.72
2007-01-31,8.41,8.50,8.29,8.36,8614800,8.36
2007-01-30,8.59,8.66,8.30,8.41,8830600,8.41
2007-01-29,8.72,8.74,8.50,8.58,11743100,8.58
2007-01-26,8.27,8.54,8.18,8.48,4398400,8.48
2007-01-25,8.35,8.50,8.20,8.27,5978700,8.27
2007-01-24,8.18,8.39,8.15,8.32,5164700,8.32
2007-01-23,8.10,8.21,8.01,8.14,5357300,8.14
2007-01-22,8.00,8.03,7.82,7.99,4910400,7.99
2007-01-19,7.91,8.17,7.81,8.01,3291200,8.01
2007-01-18,8.10,8.12,7.81,7.91,6808500,7.91
2007-01-17,8.28,8.28,8.10,8.18,4006700,8.18
2007-01-16,8.40,8.42,8.20,8.28,4997400,8.28
2007-01-12,8.12,8.29,8.12,8.20,4844000,8.20
2007-01-11,8.34,8.39,8.07,8.17,8172400,8.17
2007-01-10,8.02,8.43,7.97,8.35,10089900,8.35
2007-01-09,8.13,8.15,7.82,8.03,6317700,8.03
2007-01-08,7.72,8.13,7.62,8.06,12629400,8.06
2007-01-05,7.64,7.67,7.36,7.51,9377300,7.51
2007-01-04,7.45,7.68,7.34,7.62,6764500,7.62
2007-01-03,7.57,7.71,7.33,7.50,8208900,7.50
2006-12-29,7.62,7.65,7.52,7.57,3339900,7.57
2006-12-28,7.62,7.73,7.53,7.61,4442000,7.61
2006-12-27,7.40,7.64,7.31,7.52,4566700,7.52
2006-12-26,7.29,7.46,7.29,7.40,2064300,7.40
2006-12-22,7.31,7.53,7.17,7.32,5102400,7.32
2006-12-21,7.52,7.55,7.26,7.32,5177700,7.32
2006-12-20,7.39,7.67,7.39,7.55,4670100,7.55
2006-12-19,7.53,7.55,7.15,7.39,15763400,7.39
2006-12-18,7.76,7.91,7.56,7.59,5473100,7.59
2006-12-15,7.67,7.94,7.67,7.76,6750800,7.76
2006-12-14,7.58,7.80,7.56,7.67,4971100,7.67
2006-12-13,7.83,7.89,7.57,7.60,12159700,7.60
2006-12-12,7.50,7.90,7.50,7.82,84103000,7.82
2006-12-11,7.50,7.62,7.46,7.50,9500800,7.50
2006-12-08,7.50,7.70,7.38,7.58,9932200,7.58
2006-12-07,6.85,7.60,6.85,7.52,34454400,7.52
2006-12-06,6.42,6.82,6.40,6.80,16517500,6.80
2006-12-05,6.56,6.57,6.47,6.53,4715500,6.53
2006-12-04,6.50,6.66,6.41,6.53,6517700,6.53
2006-12-01,6.44,6.48,6.25,6.46,5991900,6.46
2006-11-30,6.05,6.52,6.04,6.44,9524700,6.44
2006-11-29,6.00,6.07,5.95,6.02,4557900,6.02
2006-11-28,5.89,6.00,5.79,5.94,7951200,5.94
2006-11-27,6.02,6.06,5.94,5.99,5035600,5.99
2006-11-24,6.00,6.13,5.99,6.06,1767800,6.06
2006-11-22,6.03,6.06,5.99,6.03,3083500,6.03
2006-11-21,6.11,6.11,5.98,6.01,3224100,6.01
2006-11-20,6.09,6.14,6.03,6.09,2780100,6.09
2006-11-17,6.20,6.22,6.10,6.11,1540900,6.11
2006-11-16,6.13,6.22,6.04,6.21,3654000,6.21
2006-11-15,6.10,6.21,6.06,6.13,3247600,6.13
2006-11-14,6.03,6.15,5.96,6.11,4147200,6.11
2006-11-13,5.95,6.10,5.85,6.05,2081900,6.05
2006-11-10,5.90,6.05,5.90,5.97,1833600,5.97
2006-11-09,6.07,6.12,5.88,5.90,3476400,5.90
2006-11-08,5.98,6.11,5.95,6.03,3324400,6.03
2006-11-07,5.98,6.21,5.98,6.04,3614400,6.04
2006-11-06,5.86,6.06,5.80,6.03,2701100,6.03
2006-11-03,5.91,5.93,5.79,5.85,4080600,5.85
2006-11-02,5.93,5.98,5.86,5.89,5024800,5.89
2006-11-01,6.23,6.25,5.92,5.92,4051900,5.92
2006-10-31,6.18,6.25,6.06,6.22,4116600,6.22
2006-10-30,6.19,6.22,6.04,6.21,3040500,6.21
2006-10-27,6.20,6.38,5.98,6.16,8284600,6.16
2006-10-26,6.14,6.28,5.95,6.24,10237700,6.24
2006-10-25,5.88,6.10,5.83,6.09,5119900,6.09
2006-10-24,5.97,6.04,5.84,5.86,3070200,5.86
2006-10-23,6.05,6.06,5.96,5.96,3071700,5.96
2006-10-20,6.15,6.16,6.02,6.04,3114500,6.04
2006-10-19,6.20,6.28,6.06,6.12,5965800,6.12
2006-10-18,6.47,6.48,6.15,6.20,6142600,6.20
2006-10-17,6.35,6.47,6.17,6.46,9662300,6.46
2006-10-16,6.18,6.39,6.18,6.37,5659300,6.37
2006-10-13,5.93,6.22,5.89,6.15,3724100,6.15
2006-10-12,5.89,5.98,5.85,5.90,8632100,5.90
2006-10-11,5.88,5.91,5.81,5.85,5143900,5.85
2006-10-10,6.02,6.04,5.87,5.88,3672500,5.88
2006-10-09,5.99,6.07,5.98,5.99,2318400,5.99
2006-10-06,5.91,6.06,5.76,6.02,3160800,6.02
2006-10-05,6.02,6.06,5.80,5.91,3570400,5.91
2006-10-04,5.90,6.03,5.85,5.99,7006100,5.99
2006-10-03,5.79,5.91,5.75,5.87,4076400,5.87
2006-10-02,5.88,5.93,5.77,5.80,2990000,5.80
2006-09-29,6.17,6.20,5.88,5.88,6515300,5.88
2006-09-28,6.22,6.27,6.05,6.15,4192200,6.15
2006-09-27,6.15,6.30,6.15,6.22,3651700,6.22
2006-09-26,6.24,6.29,6.14,6.20,5724500,6.20
2006-09-25,6.18,6.25,6.00,6.24,6189800,6.24
2006-09-22,6.22,6.29,6.04,6.13,5813300,6.13
2006-09-21,6.28,6.33,6.07,6.24,3883400,6.24
2006-09-20,6.34,6.43,6.19,6.24,5437900,6.24
2006-09-19,6.50,6.50,6.12,6.29,4688500,6.29
2006-09-18,6.36,6.65,6.35,6.48,5330500,6.48
2006-09-15,6.48,6.56,6.31,6.35,6219100,6.35
2006-09-14,6.23,6.54,6.22,6.43,6359200,6.43
2006-09-13,6.20,6.29,6.07,6.24,7676200,6.24
2006-09-12,5.92,6.20,5.90,6.20,10213100,6.20
2006-09-11,5.85,5.97,5.80,5.93,3127000,5.93
2006-09-08,5.91,5.98,5.82,5.89,4041000,5.89
2006-09-07,5.91,6.00,5.82,5.91,6841300,5.91
2006-09-06,6.00,6.09,5.91,5.97,6847200,5.97
2006-09-05,5.92,6.04,5.86,6.01,3670400,6.01
2006-09-01,6.06,6.10,5.85,5.89,3675700,5.89
2006-08-31,6.09,6.13,5.98,5.99,5157400,5.99
2006-08-30,5.95,6.07,5.90,6.06,9960700,6.06
2006-08-29,5.96,6.00,5.83,5.91,2904200,5.91
2006-08-28,5.90,5.96,5.83,5.95,3939900,5.95
2006-08-25,5.93,6.00,5.81,5.83,1770100,5.83
2006-08-24,5.99,6.01,5.77,5.97,5035000,5.97
2006-08-23,5.90,6.04,5.88,5.98,5937500,5.98
2006-08-22,5.85,5.98,5.80,5.91,3545600,5.91
2006-08-21,5.95,6.00,5.78,5.87,3311900,5.87
2006-08-18,6.03,6.12,5.95,6.01,3955600,6.01
2006-08-17,6.06,6.17,5.94,6.00,6841600,6.00
2006-08-16,5.97,6.07,5.86,6.07,8610400,6.07
2006-08-15,5.75,5.95,5.75,5.91,6979100,5.91
2006-08-14,5.65,5.85,5.61,5.67,4697300,5.67
2006-08-11,5.86,5.88,5.45,5.54,5079200,5.54
2006-08-10,5.91,5.96,5.75,5.90,4664000,5.90
2006-08-09,6.08,6.15,5.83,5.93,10842400,5.93
2006-08-08,6.18,6.53,6.16,6.34,8945900,6.34
2006-08-07,6.18,6.26,6.10,6.11,3702500,6.11
2006-08-04,6.26,6.40,6.09,6.20,5321700,6.20
2006-08-03,5.96,6.28,5.94,6.19,5383700,6.19
2006-08-02,6.10,6.12,5.95,6.00,4625900,6.00
2006-08-01,6.27,6.29,5.99,6.05,7861300,6.05
2006-07-31,6.07,6.39,6.00,6.30,6184100,6.30
2006-07-28,6.35,6.45,5.74,6.11,12237800,6.11
2006-07-27,5.90,6.20,5.87,6.09,7164200,6.09
2006-07-26,5.90,5.90,5.66,5.85,3247300,5.85
2006-07-25,5.54,5.95,5.47,5.91,3953700,5.91
2006-07-24,5.24,5.55,5.23,5.51,3315900,5.51
2006-07-21,5.42,5.43,5.12,5.18,2375200,5.18
2006-07-20,5.58,5.73,5.41,5.45,2236300,5.45
2006-07-19,5.45,5.66,5.34,5.55,3222300,5.55
2006-07-18,5.63,5.71,5.32,5.47,3391200,5.47
2006-07-17,5.78,5.80,5.62,5.66,1494500,5.66
2006-07-14,5.76,5.93,5.69,5.81,1412400,5.81
2006-07-13,5.95,6.12,5.78,5.81,1892700,5.81
2006-07-12,6.19,6.24,5.91,5.94,2608100,5.94
2006-07-11,5.84,6.27,5.79,6.20,3862700,6.20
2006-07-10,5.76,6.01,5.72,5.86,3968600,5.86
2006-07-07,5.81,5.85,5.65,5.72,1447400,5.72
2006-07-06,5.95,6.00,5.81,5.87,2755100,5.87
2006-07-05,5.75,5.85,5.65,5.80,1468800,5.80
2006-07-03,5.82,5.94,5.75,5.81,961900,5.81
2006-06-30,5.71,5.88,5.55,5.88,4620800,5.88
2006-06-29,5.52,5.72,5.40,5.65,2901800,5.65
2006-06-28,5.54,5.59,5.39,5.49,1564900,5.49
2006-06-27,5.69,5.73,5.48,5.50,1843400,5.50
2006-06-26,5.76,5.84,5.63,5.68,3290000,5.68
2006-06-23,5.81,5.88,5.63,5.73,2516800,5.73
2006-06-22,6.06,6.11,5.95,6.00,1890400,6.00
2006-06-21,5.83,6.22,5.83,6.07,3291600,6.07
2006-06-20,5.82,5.96,5.76,5.85,2122600,5.85
2006-06-19,5.61,5.88,5.55,5.85,4407000,5.85
2006-06-16,5.80,5.85,5.52,5.60,3396800,5.60
2006-06-15,5.55,5.84,5.46,5.82,1372100,5.82
2006-06-14,5.50,5.65,5.39,5.47,3000200,5.47
2006-06-13,5.52,5.79,5.37,5.41,2778800,5.41
2006-06-12,5.84,5.89,5.54,5.55,2724200,5.55
2006-06-09,5.90,6.19,5.82,5.83,2794900,5.83
2006-06-08,5.89,5.91,5.52,5.87,3497900,5.87
2006-06-07,6.10,6.17,5.90,5.91,1852800,5.91
2006-06-06,5.99,6.12,5.90,6.11,3688700,6.11
2006-06-05,6.12,6.29,5.95,5.98,3600100,5.98
2006-06-02,6.35,6.50,6.08,6.13,5739300,6.13
2006-06-01,6.04,6.35,6.04,6.32,2859500,6.32
2006-05-31,6.10,6.12,5.97,6.04,4122500,6.04
2006-05-30,6.28,6.33,5.88,5.90,3883600,5.90
2006-05-26,6.35,6.45,6.24,6.34,3548600,6.34
2006-05-25,6.22,6.50,6.11,6.35,6208300,6.35
2006-05-24,5.77,6.02,5.59,5.93,9528700,5.93
2006-05-23,5.88,5.95,5.64,5.65,3397900,5.65
2006-05-22,5.97,6.03,5.53,5.78,4122100,5.78
2006-05-19,5.67,6.06,5.50,6.04,3777400,6.04
2006-05-18,5.83,5.89,5.60,5.69,3082500,5.69
2006-05-17,5.78,5.91,5.60,5.76,2624800,5.76
2006-05-16,6.00,6.08,5.78,5.82,3288400,5.82
2006-05-15,6.15,6.32,5.94,6.00,4170800,6.00
2006-05-12,6.25,6.37,6.10,6.11,6290100,6.11
2006-05-11,6.62,6.67,6.17,6.24,5183600,6.24
2006-05-10,6.88,6.91,6.61,6.62,3330600,6.62
2006-05-09,6.98,7.09,6.82,6.88,2562000,6.88
2006-05-08,7.19,7.22,6.98,7.00,3100900,7.00
2006-05-05,7.20,7.25,7.09,7.19,1854400,7.19
2006-05-04,7.25,7.25,7.09,7.13,1937600,7.13
2006-05-03,7.10,7.25,6.94,7.21,3158800,7.21
2006-05-02,7.11,7.14,6.89,7.11,2547400,7.11
2006-05-01,7.27,7.37,6.90,6.92,3705800,6.92
2006-04-28,6.96,7.20,6.93,7.17,3074700,7.17
2006-04-27,6.80,7.07,6.70,7.01,3779100,7.01
2006-04-26,6.75,6.88,6.67,6.82,2594700,6.82
2006-04-25,6.73,6.82,6.59,6.71,2827700,6.71
2006-04-24,6.85,6.89,6.59,6.73,3110400,6.73
2006-04-21,7.14,7.14,6.78,6.84,1701100,6.84
2006-04-20,7.13,7.14,6.94,7.07,4489500,7.07
2006-04-19,7.13,7.20,6.98,7.16,2345400,7.16
2006-04-18,6.67,7.14,6.66,7.10,3893800,7.10
2006-04-17,6.74,6.88,6.55,6.66,2949600,6.66
2006-04-13,6.64,6.76,6.56,6.69,3741600,6.69
2006-04-12,6.60,6.79,6.52,6.67,2118800,6.67
2006-04-11,7.00,7.01,6.55,6.64,4583900,6.64
2006-04-10,6.99,7.09,6.88,6.94,7215200,6.94
2006-04-07,7.15,7.17,6.88,6.99,7764900,6.99
2006-04-06,7.19,7.24,6.97,7.11,6254100,7.11
2006-04-05,6.92,7.38,6.81,7.31,6013400,7.31
2006-04-04,7.48,7.50,7.16,7.17,3267800,7.17
2006-04-03,7.27,7.54,7.26,7.45,5891700,7.45
2006-03-31,7.17,7.28,7.11,7.26,3108500,7.26
2006-03-30,7.20,7.29,7.10,7.17,1767900,7.17
2006-03-29,7.04,7.22,7.00,7.15,2926300,7.15
2006-03-28,7.00,7.12,7.00,7.05,3037300,7.05
2006-03-27,6.95,7.06,6.90,7.04,2273300,7.04
2006-03-24,6.84,7.00,6.76,6.96,1995000,6.96
2006-03-23,6.46,6.84,6.41,6.83,2303000,6.83
2006-03-22,6.36,6.62,6.34,6.50,3117700,6.50
2006-03-21,6.40,6.74,6.28,6.40,7972200,6.40
2006-03-20,6.75,6.85,6.55,6.66,4818600,6.66
2006-03-17,7.06,7.07,6.61,6.76,4131700,6.76
2006-03-16,7.20,7.21,6.96,7.02,3041200,7.02
2006-03-15,7.18,7.25,7.12,7.21,2164100,7.21
2006-03-14,6.99,7.16,6.96,7.12,3473400,7.12
2006-03-13,7.11,7.21,6.95,6.97,2500500,6.97
2006-03-10,7.06,7.15,6.94,7.03,1621700,7.03
2006-03-09,6.93,7.30,6.92,7.06,3074600,7.06
2006-03-08,6.78,6.93,6.61,6.91,1950400,6.91
2006-03-07,7.00,7.15,6.69,6.79,3517700,6.79
2006-03-06,7.08,7.35,6.96,7.02,4143600,7.02
2006-03-03,6.93,7.25,6.81,7.07,4129000,7.07
2006-03-02,6.91,7.20,6.85,6.94,4892300,6.94
2006-03-01,6.59,6.94,6.56,6.90,4848300,6.90
2006-02-28,6.61,6.68,6.46,6.59,5648600,6.59
2006-02-27,6.63,6.67,6.56,6.59,1875500,6.59
2006-02-24,6.60,6.73,6.56,6.57,2482100,6.57
2006-02-23,6.58,6.77,6.55,6.62,2335200,6.62
2006-02-22,6.65,6.75,6.50,6.63,3697500,6.63
2006-02-21,6.65,6.73,6.54,6.62,5273200,6.62
2006-02-17,6.66,6.75,6.48,6.65,1841300,6.65
2006-02-16,6.75,6.79,6.67,6.70,2785500,6.70
2006-02-15,6.70,6.79,6.64,6.72,2946800,6.72
2006-02-14,6.81,6.85,6.65,6.69,2380000,6.69
2006-02-13,6.75,6.82,6.68,6.75,2395000,6.75
2006-02-10,6.86,6.88,6.60,6.72,2720400,6.72
2006-02-09,7.01,7.13,6.86,6.88,3509800,6.88
2006-02-08,6.83,7.01,6.75,6.99,2935800,6.99
2006-02-07,6.96,6.99,6.69,6.71,2190000,6.71
2006-02-06,6.85,7.00,6.85,6.96,5678600,6.96
2006-02-03,7.35,7.43,6.78,6.86,6558400,6.86
2006-02-02,7.51,7.55,7.14,7.25,6659200,7.25
2006-02-01,7.44,7.57,7.00,7.56,3229400,7.56
2006-01-31,7.55,7.65,7.34,7.51,3988000,7.51
2006-01-30,7.53,7.65,7.51,7.53,2344200,7.53
2006-01-27,7.56,7.68,7.46,7.51,3763100,7.51
2006-01-26,7.20,7.60,7.15,7.55,5289400,7.55
2006-01-25,7.29,7.30,7.02,7.10,3706200,7.10
2006-01-24,6.78,7.28,6.77,7.27,6750600,7.27
2006-01-23,6.90,6.95,6.74,6.78,4929200,6.78
2006-01-20,7.21,7.24,6.88,6.88,3999600,6.88
2006-01-19,6.95,7.28,6.89,7.19,5483200,7.19
2006-01-18,6.65,6.94,6.65,6.86,2580200,6.86
2006-01-17,6.91,6.97,6.78,6.95,2573100,6.95
2006-01-13,6.77,6.98,6.76,6.94,2684600,6.94
2006-01-12,6.81,7.00,6.72,6.80,5014000,6.80
2006-01-11,6.55,6.90,6.51,6.85,4491000,6.85
2006-01-10,6.43,6.60,6.42,6.55,3508700,6.55
2006-01-09,6.19,6.48,6.14,6.37,3547500,6.37
2006-01-06,6.00,6.20,5.95,6.14,5058700,6.14
2006-01-05,5.76,6.02,5.75,5.90,3102000,5.90
2006-01-04,5.78,5.87,5.76,5.77,2435800,5.77
2006-01-03,5.54,5.77,5.54,5.77,2467700,5.77
2005-12-30,5.66,5.66,5.51,5.53,1151600,5.53
2005-12-29,5.50,5.72,5.50,5.66,2179100,5.66
2005-12-28,5.56,5.59,5.45,5.53,1642200,5.53
2005-12-27,5.72,5.79,5.50,5.53,1142200,5.53
2005-12-23,5.66,5.74,5.66,5.69,906800,5.69
2005-12-22,5.61,5.73,5.57,5.69,1679600,5.69
2005-12-21,5.40,5.62,5.27,5.57,4235700,5.57
2005-12-20,5.63,5.63,5.35,5.37,3650800,5.37
2005-12-19,5.63,5.71,5.52,5.59,2208600,5.59
2005-12-16,5.65,5.70,5.52,5.63,5752900,5.63
2005-12-15,6.15,6.20,5.65,5.67,7057600,5.67
2005-12-14,6.01,6.09,5.95,6.00,1465100,6.00
2005-12-13,6.07,6.10,5.87,6.00,2006400,6.00
2005-12-12,6.00,6.10,5.96,6.06,1075500,6.06
2005-12-09,5.93,6.01,5.76,6.00,1041400,6.00
2005-12-08,5.79,6.04,5.72,5.96,1683600,5.96
2005-12-07,5.92,5.96,5.73,5.74,1652300,5.74
2005-12-06,5.86,6.04,5.74,5.88,2477900,5.88
2005-12-05,6.03,6.03,5.79,5.85,1688600,5.85
2005-12-02,6.18,6.23,5.97,5.99,2667900,5.99
2005-12-01,5.95,6.35,5.92,6.18,6408200,6.18
2005-11-30,5.50,5.86,5.48,5.80,3920300,5.80
2005-11-29,5.42,5.54,5.42,5.51,1263700,5.51
2005-11-28,5.60,5.61,5.38,5.40,1330400,5.40
2005-11-25,5.57,5.60,5.50,5.60,367600,5.60
2005-11-23,5.52,5.61,5.48,5.50,533400,5.50
2005-11-22,5.60,5.69,5.52,5.53,1543800,5.53
2005-11-21,5.49,5.63,5.47,5.61,1966800,5.61
2005-11-18,5.34,5.47,5.28,5.43,1953400,5.43
2005-11-17,5.21,5.39,5.18,5.30,1107500,5.30
2005-11-16,5.17,5.28,5.17,5.23,1072100,5.23
2005-11-15,5.14,5.28,5.13,5.16,2578100,5.16
2005-11-14,5.20,5.22,4.97,5.11,4187900,5.11
2005-11-11,5.12,5.29,5.12,5.22,1342400,5.22
2005-11-10,5.20,5.20,5.11,5.17,747000,5.17
2005-11-09,5.09,5.20,5.03,5.16,832600,5.16
2005-11-08,5.12,5.17,4.93,5.11,1768900,5.11
2005-11-07,4.99,5.13,4.99,5.13,1169200,5.13
2005-11-04,5.14,5.19,4.98,5.00,1740300,5.00
2005-11-03,5.07,5.28,5.05,5.13,3319400,5.13
2005-11-02,4.70,5.03,4.65,5.03,3257200,5.03
2005-11-01,4.63,4.70,4.57,4.69,2741300,4.69
2005-10-31,4.22,4.68,4.22,4.64,4119300,4.64
2005-10-28,4.59,4.60,3.91,4.33,7590200,4.33
2005-10-27,4.69,4.71,4.51,4.54,2397000,4.54
2005-10-26,4.57,4.67,4.56,4.63,2224400,4.63
2005-10-25,4.70,4.78,4.50,4.56,1666900,4.56
2005-10-24,4.53,4.76,4.53,4.71,1510500,4.71
2005-10-21,4.84,4.85,4.32,4.55,2807400,4.55
2005-10-20,4.68,5.02,4.63,4.84,7701800,4.84
2005-10-19,4.61,4.66,4.51,4.66,2278200,4.66
2005-10-18,4.90,4.95,4.63,4.63,2374900,4.63
2005-10-17,4.80,4.97,4.80,4.92,1187600,4.92
2005-10-14,4.74,4.82,4.60,4.81,972800,4.81
2005-10-13,4.47,4.80,4.45,4.73,1637600,4.73
2005-10-12,4.62,4.64,4.43,4.47,2875100,4.47
2005-10-11,4.86,4.93,4.58,4.62,3394900,4.62
2005-10-10,4.88,4.90,4.75,4.87,1143500,4.87
2005-10-07,4.79,4.90,4.75,4.84,1397500,4.84
2005-10-06,4.98,5.08,4.76,4.77,2115100,4.77
2005-10-05,5.13,5.15,4.98,4.98,2091600,4.98
2005-10-04,5.11,5.32,5.09,5.16,3150500,5.16
2005-10-03,5.18,5.24,5.00,5.14,2988600,5.14
2005-09-30,4.89,5.26,4.89,5.15,2831600,5.15
2005-09-29,4.72,4.91,4.72,4.91,2830600,4.91
2005-09-28,4.75,4.79,4.62,4.70,1637900,4.70
2005-09-27,4.86,4.87,4.57,4.74,4016200,4.74
2005-09-26,5.21,5.23,5.01,5.04,1746200,5.04
2005-09-23,4.93,5.15,4.82,5.15,1362500,5.15
2005-09-22,4.93,5.05,4.85,4.89,2697500,4.89
2005-09-21,5.14,5.20,4.94,4.94,1256100,4.94
2005-09-20,5.20,5.24,5.11,5.19,1771400,5.19
2005-09-19,5.25,5.26,5.10,5.18,1579600,5.18
2005-09-16,5.29,5.29,5.22,5.26,2522500,5.26
2005-09-15,5.51,5.53,5.23,5.26,1908500,5.26
2005-09-14,5.55,5.60,5.51,5.52,1557200,5.52
2005-09-13,5.52,5.63,5.46,5.56,2042400,5.56
2005-09-12,5.71,5.72,5.52,5.55,2710200,5.55
2005-09-09,5.86,5.86,5.68,5.70,1783100,5.70
2005-09-08,5.84,5.90,5.77,5.80,1221000,5.80
2005-09-07,5.74,5.85,5.70,5.84,798800,5.84
2005-09-06,5.74,5.78,5.69,5.75,878200,5.75
2005-09-02,5.73,5.78,5.64,5.73,1355600,5.73
2005-09-01,5.73,5.79,5.63,5.74,1296100,5.74
2005-08-31,5.63,5.75,5.55,5.75,1889700,5.75
2005-08-30,5.50,5.62,5.50,5.61,1098100,5.61
2005-08-29,5.32,5.56,5.25,5.52,2628200,5.52
2005-08-26,5.50,5.56,5.35,5.37,1595200,5.37
2005-08-25,5.56,5.59,5.46,5.51,1228900,5.51
2005-08-24,5.48,5.55,5.40,5.52,1432600,5.52
2005-08-23,5.50,5.56,5.44,5.49,1917800,5.49
2005-08-22,5.30,5.51,5.30,5.50,2000800,5.50
2005-08-19,5.23,5.36,5.20,5.31,835400,5.31
2005-08-18,5.30,5.33,5.20,5.20,720200,5.20
2005-08-17,5.24,5.37,5.22,5.31,1141200,5.31
2005-08-16,5.48,5.48,5.23,5.25,2632600,5.25
2005-08-15,5.31,5.52,5.28,5.49,1746300,5.49
2005-08-12,5.35,5.44,5.24,5.32,1748900,5.32
2005-08-11,5.37,5.44,5.21,5.44,2096700,5.44
2005-08-10,5.50,5.54,5.30,5.39,1630400,5.39
2005-08-09,5.53,5.59,5.44,5.50,1131100,5.50
2005-08-08,5.69,5.69,5.44,5.50,1592100,5.50
2005-08-05,5.54,5.76,5.49,5.61,1599200,5.61
2005-08-04,5.79,5.83,5.51,5.57,3477200,5.57
2005-08-03,5.87,5.92,5.75,5.82,3021700,5.82
2005-08-02,5.75,5.93,5.75,5.87,1334500,5.87
2005-08-01,5.75,5.85,5.71,5.77,884900,5.77
2005-07-29,5.69,5.82,5.69,5.73,1158400,5.73
2005-07-28,5.80,5.94,5.68,5.77,2385000,5.77
2005-07-27,5.58,5.92,5.50,5.83,5070200,5.83
2005-07-26,5.18,5.70,5.17,5.58,7471100,5.58
2005-07-25,5.63,5.64,4.97,5.01,3805900,5.01
2005-07-22,5.44,5.60,5.35,5.60,1918100,5.60
2005-07-21,5.49,5.50,5.27,5.44,2525700,5.44
2005-07-20,5.19,5.50,5.06,5.46,3581400,5.46
2005-07-19,5.09,5.30,5.02,5.27,1775000,5.27
2005-07-18,5.10,5.16,4.99,4.99,948000,4.99
2005-07-15,4.92,5.14,4.91,5.10,2633100,5.10
2005-07-14,4.76,5.04,4.73,4.96,3822800,4.96
2005-07-13,4.55,4.78,4.54,4.72,3193600,4.72
2005-07-12,4.67,4.70,4.53,4.57,1657300,4.57
2005-07-11,4.62,4.79,4.58,4.66,3041900,4.66
2005-07-08,4.41,4.60,4.34,4.57,2951600,4.57
2005-07-07,4.48,4.55,4.40,4.44,1284300,4.44
2005-07-06,4.50,4.63,4.47,4.56,1076700,4.56
2005-07-05,4.51,4.64,4.45,4.50,2478400,4.50
2005-07-01,4.58,4.62,4.43,4.56,1673100,4.56
2005-06-30,4.74,4.77,4.55,4.60,1102800,4.60
2005-06-29,4.79,4.82,4.62,4.72,1346600,4.72
2005-06-28,4.71,4.86,4.65,4.85,1071700,4.85
2005-06-27,4.79,4.83,4.50,4.66,1964100,4.66
2005-06-24,4.89,4.98,4.72,4.86,1685400,4.86
2005-06-23,4.92,5.32,4.87,4.90,2178000,4.90
2005-06-22,4.93,4.97,4.83,4.93,857200,4.93
2005-06-21,4.88,5.00,4.86,4.87,739200,4.87
2005-06-20,4.86,4.97,4.81,4.90,976700,4.90
2005-06-17,4.93,5.01,4.86,4.97,2130700,4.97
2005-06-16,4.78,4.97,4.71,4.92,1504800,4.92
2005-06-15,4.88,4.90,4.72,4.74,1794600,4.74
2005-06-14,4.97,4.98,4.75,4.84,1804700,4.84
2005-06-13,4.97,5.04,4.89,4.93,1646700,4.93
2005-06-10,4.82,5.00,4.79,5.00,2796800,5.00
2005-06-09,4.77,4.88,4.62,4.82,2010200,4.82
2005-06-08,4.47,4.79,4.46,4.75,2758200,4.75
2005-06-07,4.64,4.76,4.37,4.40,2238600,4.40
2005-06-06,4.77,4.77,4.61,4.64,3769500,4.64
2005-06-03,4.53,4.57,4.42,4.48,1160100,4.48
2005-06-02,4.50,4.56,4.41,4.51,914400,4.51
2005-06-01,4.46,4.58,4.34,4.58,1984100,4.58
2005-05-31,4.39,4.51,4.28,4.47,1932100,4.47
2005-05-27,4.18,4.38,4.11,4.38,3526000,4.38
2005-05-26,4.15,4.22,3.86,4.00,4251800,4.00
2005-05-25,3.76,4.22,3.76,4.13,7007000,4.13
2005-05-24,3.68,3.89,3.66,3.80,1258300,3.80
2005-05-23,3.75,3.85,3.66,3.69,765900,3.69
2005-05-20,3.83,3.83,3.75,3.77,329100,3.77
2005-05-19,3.87,3.92,3.74,3.84,573200,3.84
2005-05-18,3.84,3.90,3.80,3.88,1890000,3.88
2005-05-17,3.65,3.81,3.49,3.80,3213400,3.80
2005-05-16,3.49,3.60,3.49,3.55,652600,3.55
2005-05-13,3.31,3.59,3.20,3.50,1878600,3.50
2005-05-12,3.35,3.44,3.28,3.34,569300,3.34
2005-05-11,3.38,3.43,3.28,3.37,710800,3.37
2005-05-10,3.57,3.57,3.30,3.37,1435100,3.37
2005-05-09,3.55,3.63,3.50,3.57,2115900,3.57
2005-05-06,3.47,3.67,3.40,3.56,1387400,3.56
2005-05-05,3.72,3.75,3.45,3.50,1562300,3.50
2005-05-04,3.47,3.81,3.47,3.67,1882200,3.67
2005-05-03,3.45,3.58,3.45,3.48,1073800,3.48
2005-05-02,3.45,3.55,3.40,3.47,1430300,3.47
2005-04-29,3.36,3.49,3.30,3.44,1420400,3.44
2005-04-28,3.18,3.51,3.15,3.35,3715100,3.35
2005-04-27,3.04,3.13,3.00,3.00,1044700,3.00
2005-04-26,3.10,3.22,3.05,3.06,620000,3.06
2005-04-25,3.05,3.16,3.00,3.13,1348800,3.13
2005-04-22,3.20,3.22,2.97,3.00,1669900,3.00
2005-04-21,3.05,3.20,3.05,3.19,1326700,3.19
2005-04-20,3.10,3.17,3.00,3.04,1882400,3.04
2005-04-19,2.93,3.19,2.90,3.00,4202700,3.00
2005-04-18,3.09,3.10,2.88,2.88,1825100,2.88
2005-04-15,3.27,3.30,2.95,3.08,1911600,3.08
2005-04-14,3.54,3.55,3.22,3.30,2287600,3.30
2005-04-13,3.62,3.63,3.50,3.55,1463700,3.55
2005-04-12,3.56,3.67,3.51,3.60,1253600,3.60
2005-04-11,3.75,3.75,3.52,3.60,1297700,3.60
2005-04-08,3.70,3.85,3.63,3.72,1379400,3.72
2005-04-07,3.72,3.72,3.52,3.69,1171900,3.69
2005-04-06,3.66,3.76,3.58,3.71,1129500,3.71
2005-04-05,3.93,3.96,3.60,3.65,2293400,3.65
2005-04-04,4.04,4.04,3.82,3.87,621600,3.87
2005-04-01,3.98,4.01,3.86,3.92,835800,3.92
2005-03-31,3.98,3.98,3.80,3.95,1230100,3.95
2005-03-30,3.86,4.00,3.85,3.97,1218000,3.97
2005-03-29,3.95,4.00,3.86,3.86,1100500,3.86
2005-03-28,4.01,4.06,3.93,3.96,743000,3.96
2005-03-24,3.97,4.03,3.96,3.99,754900,3.99
2005-03-23,3.95,4.03,3.95,3.98,702800,3.98
2005-03-22,3.88,4.05,3.87,3.97,1239100,3.97
2005-03-21,3.99,4.00,3.77,3.90,1634100,3.90
2005-03-18,4.24,4.27,3.92,3.99,3514500,3.99
2005-03-17,4.12,4.30,4.08,4.21,1790100,4.21
2005-03-16,4.33,4.36,4.09,4.14,2096500,4.14
2005-03-15,4.61,4.63,4.36,4.39,971300,4.39
2005-03-14,4.49,4.61,4.47,4.60,855800,4.60
2005-03-11,4.66,4.73,4.49,4.50,1863100,4.50
2005-03-10,4.49,4.70,4.49,4.63,1231800,4.63
2005-03-09,4.52,4.67,4.47,4.51,1571700,4.51
2005-03-08,4.67,4.82,4.51,4.52,1065200,4.52
2005-03-07,4.49,4.72,4.49,4.62,1005800,4.62
2005-03-04,4.54,4.58,4.48,4.51,1279500,4.51
2005-03-03,4.69,4.75,4.43,4.52,2862100,4.52
2005-03-02,4.71,4.84,4.60,4.70,1440800,4.70
2005-03-01,4.75,4.80,4.63,4.73,2102800,4.73
2005-02-28,4.62,4.73,4.49,4.54,1295400,4.54
2005-02-25,4.70,4.80,4.58,4.65,2323900,4.65
2005-02-24,4.48,4.65,4.43,4.63,967400,4.63
2005-02-23,4.60,4.70,4.49,4.51,851900,4.51
2005-02-22,4.56,4.84,4.53,4.60,1560000,4.60
2005-02-18,4.83,4.95,4.52,4.68,1694500,4.68
2005-02-17,4.90,5.04,4.77,4.80,2719400,4.80
2005-02-16,4.72,4.95,4.50,4.90,3663100,4.90
2005-02-15,4.48,4.76,4.44,4.69,3390700,4.69
2005-02-14,4.62,4.62,4.40,4.48,1131100,4.48
2005-02-11,4.43,4.57,4.33,4.53,2513800,4.53
2005-02-10,4.27,4.50,4.25,4.40,2192900,4.40
2005-02-09,4.37,4.40,4.20,4.27,4178100,4.27
2005-02-08,3.89,4.49,3.82,4.40,4505300,4.40
2005-02-07,3.75,3.95,3.71,3.85,1797500,3.85
2005-02-04,3.58,3.79,3.50,3.77,1057800,3.77
2005-02-03,3.78,3.81,3.55,3.57,2449800,3.57
2005-02-02,3.75,3.90,3.70,3.82,1655700,3.82
2005-02-01,3.72,3.79,3.67,3.76,1621300,3.76
2005-01-31,3.70,3.79,3.66,3.66,1210200,3.66
2005-01-28,3.59,3.65,3.55,3.63,901000,3.63
2005-01-27,3.59,3.65,3.50,3.59,852700,3.59
2005-01-26,3.55,3.67,3.50,3.63,760400,3.63
2005-01-25,3.37,3.56,3.33,3.53,2207300,3.53
2005-01-24,3.45,3.47,3.26,3.32,1331900,3.32
2005-01-21,3.39,3.51,3.34,3.41,1596500,3.41
2005-01-20,3.32,3.54,3.28,3.39,2502000,3.39
2005-01-19,3.61,3.64,3.36,3.42,1224500,3.42
2005-01-18,3.65,3.69,3.51,3.58,1376500,3.58
2005-01-14,3.50,3.68,3.47,3.64,1036400,3.64
2005-01-13,3.63,3.66,3.43,3.48,1246300,3.48
2005-01-12,3.60,3.72,3.53,3.63,988400,3.63
2005-01-11,3.56,3.65,3.43,3.60,2090800,3.60
2005-01-10,3.71,3.71,3.44,3.55,2236300,3.55
2005-01-07,3.96,3.96,3.61,3.61,2252000,3.61
2005-01-06,3.97,4.07,3.85,3.86,1875000,3.86
2005-01-05,4.13,4.21,3.87,4.00,1832600,4.00
2005-01-04,4.45,4.53,4.12,4.13,1520400,4.13
2005-01-03,4.60,4.64,4.39,4.44,1830800,4.44
2004-12-31,4.55,4.62,4.47,4.54,863300,4.54
2004-12-30,4.40,4.54,4.39,4.47,859500,4.47
2004-12-29,4.50,4.60,4.42,4.48,1005600,4.48
2004-12-28,4.46,4.50,4.42,4.50,863500,4.50
2004-12-27,4.44,4.50,4.39,4.42,930200,4.42
2004-12-23,4.23,4.45,4.23,4.42,1442500,4.42
2004-12-22,4.32,4.40,4.20,4.28,1954000,4.28
2004-12-21,4.19,4.39,4.13,4.36,1457100,4.36
2004-12-20,4.33,4.42,4.08,4.19,1645500,4.19
2004-12-17,4.43,4.52,4.29,4.30,1896900,4.30
2004-12-16,4.44,4.63,4.36,4.39,2196300,4.39
2004-12-15,4.50,4.66,4.45,4.48,2686900,4.48
2004-12-14,4.39,4.50,4.34,4.50,2946700,4.50
2004-12-13,4.31,4.43,4.25,4.37,2229900,4.37
2004-12-10,4.14,4.37,4.11,4.31,2233100,4.31
2004-12-09,4.20,4.38,4.12,4.16,2539100,4.16
2004-12-08,4.32,4.35,4.15,4.27,3215300,4.27
2004-12-07,4.50,4.56,4.22,4.28,4192400,4.28
2004-12-06,4.38,4.55,4.25,4.41,4842200,4.41
2004-12-03,4.13,4.48,4.08,4.36,9184700,4.36
2004-12-02,4.15,4.26,3.95,4.03,3120200,4.03
2004-12-01,3.66,4.12,3.63,4.06,3848600,4.06
2004-11-30,3.75,3.75,3.61,3.65,1134800,3.65
2004-11-29,3.89,3.90,3.66,3.71,1096800,3.71
2004-11-26,3.81,3.84,3.76,3.78,302400,3.78
2004-11-24,3.75,3.88,3.67,3.80,1976200,3.80
2004-11-23,3.80,3.92,3.60,3.80,2668300,3.80
2004-11-22,3.89,3.99,3.87,3.95,2915800,3.95
2004-11-19,4.24,4.25,3.93,3.98,1688300,3.98
2004-11-18,4.17,4.30,4.14,4.19,1315100,4.19
2004-11-17,4.10,4.33,4.08,4.23,3862600,4.23
2004-11-16,4.07,4.15,4.01,4.04,1457900,4.04
2004-11-15,4.05,4.23,4.01,4.08,1814400,4.08
2004-11-12,4.08,4.12,3.95,4.07,1899500,4.07
2004-11-11,3.80,4.06,3.74,4.01,1643300,4.01
2004-11-10,3.81,3.92,3.69,3.76,1953300,3.76
2004-11-09,3.87,3.92,3.81,3.85,1015300,3.85
2004-11-08,3.67,3.86,3.67,3.85,1170200,3.85
2004-11-05,3.58,3.74,3.56,3.67,2438000,3.67
2004-11-04,3.49,3.60,3.42,3.56,667000,3.56
2004-11-03,3.77,3.80,3.40,3.49,2500100,3.49
2004-11-02,3.61,3.74,3.55,3.65,1616100,3.65
2004-11-01,3.62,3.67,3.57,3.64,1192000,3.64
2004-10-29,3.40,3.64,3.40,3.60,1535400,3.60
2004-10-28,3.30,3.56,3.23,3.48,3138600,3.48
2004-10-27,3.20,3.57,3.15,3.47,3296600,3.47
2004-10-26,3.34,3.43,3.18,3.20,1634300,3.20
2004-10-25,3.19,3.37,3.12,3.32,1862300,3.32
2004-10-22,3.30,3.36,3.11,3.20,1168600,3.20
2004-10-21,3.32,3.38,3.27,3.35,1048000,3.35
2004-10-20,3.20,3.29,3.13,3.27,1284000,3.27
2004-10-19,3.28,3.40,3.16,3.20,1866600,3.20
2004-10-18,3.01,3.21,3.01,3.18,1367600,3.18
2004-10-15,3.02,3.21,3.01,3.02,1657200,3.02
2004-10-14,3.22,3.26,3.04,3.04,1437900,3.04
2004-10-13,3.34,3.35,3.21,3.25,1030800,3.25
2004-10-12,3.31,3.31,3.13,3.18,1565300,3.18
2004-10-11,3.33,3.40,3.27,3.38,665400,3.38
2004-10-08,3.33,3.48,3.26,3.31,1210500,3.31
2004-10-07,3.39,3.53,3.36,3.45,1548200,3.45
2004-10-06,3.54,3.76,3.36,3.51,2695200,3.51
2004-10-05,3.52,3.60,3.49,3.58,1664800,3.58
2004-10-04,3.21,3.63,3.20,3.59,3812400,3.59
2004-10-01,3.18,3.26,3.16,3.20,1614900,3.20
2004-09-30,3.08,3.18,3.04,3.13,1254900,3.13
2004-09-29,3.00,3.15,2.99,3.04,2078900,3.04
2004-09-28,3.09,3.18,2.95,3.01,2193800,3.01
2004-09-27,3.05,3.20,3.02,3.07,1449100,3.07
2004-09-24,3.20,3.30,3.06,3.10,1671700,3.10
2004-09-23,3.19,3.28,3.16,3.17,1268400,3.17
2004-09-22,3.32,3.33,3.18,3.20,1342400,3.20
2004-09-21,3.35,3.38,3.25,3.34,1875400,3.34
2004-09-20,3.16,3.36,3.14,3.27,1788000,3.27
2004-09-17,3.25,3.38,3.13,3.16,1975200,3.16
2004-09-16,3.15,3.24,3.06,3.21,2465800,3.21
2004-09-15,3.11,3.16,3.03,3.08,1851200,3.08
2004-09-14,3.15,3.24,3.07,3.15,2517600,3.15
2004-09-13,2.88,3.37,2.82,3.19,6834100,3.19
2004-09-10,2.93,3.10,2.85,2.99,3259700,2.99
2004-09-09,2.68,2.99,2.61,2.93,5894900,2.93
2004-09-08,2.65,2.66,2.49,2.57,5945400,2.57
2004-09-07,2.85,2.89,2.66,2.66,2847500,2.66
2004-09-03,2.92,2.96,2.74,2.80,4034800,2.80
2004-09-02,3.05,3.05,2.91,3.02,1163700,3.02
2004-09-01,2.98,3.40,2.87,2.98,3418300,2.98
2004-08-31,3.07,3.11,2.91,2.98,2830800,2.98
2004-08-30,3.16,3.20,3.06,3.07,2249800,3.07
2004-08-27,3.29,3.29,3.15,3.20,1490900,3.20
2004-08-26,3.26,3.30,3.15,3.24,2776500,3.24
2004-08-25,3.35,3.39,3.27,3.31,2218100,3.31
2004-08-24,3.41,3.43,3.28,3.36,3077600,3.36
2004-08-23,3.40,3.46,3.35,3.35,2026100,3.35
2004-08-20,3.36,3.47,3.30,3.38,2232500,3.38
2004-08-19,3.50,3.61,3.32,3.37,1649300,3.37
2004-08-18,3.30,3.57,3.28,3.55,3611600,3.55
2004-08-17,3.35,3.41,3.22,3.33,6671800,3.33
2004-08-16,3.35,3.48,3.26,3.30,2019000,3.30
2004-08-13,3.29,3.32,3.19,3.30,1249900,3.30
2004-08-12,3.30,3.34,3.15,3.18,2370400,3.18
2004-08-11,3.27,3.35,3.20,3.27,2343800,3.27
2004-08-10,3.37,3.50,3.32,3.46,2064600,3.46
2004-08-09,3.55,3.55,3.32,3.35,1370300,3.35
2004-08-06,3.55,3.63,3.40,3.48,5012500,3.48
2004-08-05,3.74,3.76,3.55,3.69,3729200,3.69
2004-08-04,3.76,3.80,3.51,3.68,3560600,3.68
2004-08-03,4.00,4.00,3.75,3.78,1772500,3.78
2004-08-02,3.81,4.00,3.81,3.97,2081600,3.97
2004-07-30,3.72,4.03,3.67,4.00,5642900,4.00
2004-07-29,3.77,3.86,3.61,3.73,9296200,3.73
2004-07-28,3.32,3.46,3.21,3.21,3219900,3.21
2004-07-27,3.45,3.50,3.20,3.35,3428100,3.35
2004-07-26,3.67,3.69,3.37,3.41,2660500,3.41
2004-07-23,3.62,3.67,3.50,3.55,3205500,3.55
2004-07-22,3.53,3.66,3.34,3.59,4309600,3.59
2004-07-21,3.70,3.83,3.52,3.53,3135000,3.53
2004-07-20,3.66,3.77,3.57,3.67,2353500,3.67
2004-07-19,3.58,3.68,3.46,3.56,2596500,3.56
2004-07-16,3.60,3.73,3.48,3.54,2252800,3.54
2004-07-15,3.35,3.72,3.33,3.55,4407000,3.55
2004-07-14,3.45,3.55,3.18,3.27,5350600,3.27
2004-07-13,3.49,3.76,3.42,3.51,7179300,3.51
2004-07-12,3.53,3.63,3.39,3.47,5752400,3.47
2004-07-09,3.83,3.83,3.51,3.61,3969700,3.61
2004-07-08,3.59,3.87,3.52,3.74,6374300,3.74
2004-07-07,3.62,3.67,3.40,3.62,10716900,3.62
2004-07-06,4.15,4.18,3.59,3.59,8465900,3.59
2004-07-02,4.51,4.51,4.14,4.22,4723400,4.22
2004-07-01,4.95,4.95,4.39,4.47,8094300,4.47
2004-06-30,5.12,5.14,4.93,5.02,2266900,5.02
2004-06-29,5.13,5.14,5.04,5.10,1092800,5.10
2004-06-28,5.24,5.30,5.02,5.08,1854500,5.08
2004-06-25,5.07,5.18,4.91,5.15,4412700,5.15
2004-06-24,5.20,5.30,4.92,4.93,2557600,4.93
2004-06-23,5.00,5.25,4.92,5.22,2696100,5.22
2004-06-22,4.95,5.00,4.80,4.99,2019600,4.99
2004-06-21,5.01,5.06,4.85,4.88,2101500,4.88
2004-06-18,5.00,5.05,4.85,4.91,2203100,4.91
2004-06-17,4.90,5.00,4.76,4.95,3244600,4.95
2004-06-16,5.27,5.30,4.83,4.88,4222800,4.88
2004-06-15,5.25,5.28,5.13,5.25,2001900,5.25
2004-06-14,5.13,5.18,5.01,5.14,1622100,5.14
2004-06-10,5.35,5.35,5.08,5.14,1729300,5.14
2004-06-09,5.35,5.39,5.20,5.28,3165700,5.28
2004-06-08,5.35,5.43,5.21,5.41,1755100,5.41
2004-06-07,5.37,5.45,5.33,5.41,2738200,5.41
2004-06-04,5.25,5.34,5.20,5.29,2411600,5.29
2004-06-03,5.44,5.50,5.07,5.12,3126600,5.12
2004-06-02,5.56,5.60,5.25,5.37,4148800,5.37
2004-06-01,5.76,5.80,5.52,5.63,2618000,5.63
2004-05-28,5.61,5.87,5.60,5.79,6410900,5.79
2004-05-27,5.15,5.46,5.11,5.39,4435500,5.39
2004-05-26,5.05,5.07,4.92,5.01,2682900,5.01
2004-05-25,4.94,5.10,4.83,5.10,3099900,5.10
2004-05-24,4.86,5.09,4.86,4.93,3290800,4.93
2004-05-21,5.07,5.15,4.77,4.85,7891200,4.85
2004-05-20,5.18,5.22,5.00,5.04,1990200,5.04
2004-05-19,5.28,5.41,5.08,5.15,4770200,5.15
2004-05-18,5.01,5.14,4.98,5.13,3566900,5.13
2004-05-17,4.83,5.10,4.75,4.97,2801000,4.97
2004-05-14,5.40,5.46,4.98,5.10,6423600,5.10
2004-05-13,5.59,5.59,5.35,5.40,3813800,5.40
2004-05-12,5.69,5.70,5.34,5.58,2117500,5.58
2004-05-11,5.59,5.74,5.47,5.74,3056300,5.74
2004-05-10,5.60,5.60,5.33,5.47,3052300,5.47
2004-05-07,5.39,5.63,5.30,5.60,3045000,5.60
2004-05-06,5.50,5.52,5.16,5.36,3190300,5.36
2004-05-05,5.50,5.59,5.35,5.48,2604500,5.48
2004-05-04,5.24,5.52,5.12,5.46,5329900,5.46
2004-05-03,4.97,5.18,4.84,5.12,5282300,5.12
2004-04-30,5.10,5.32,4.51,4.84,12092500,4.84
2004-04-29,6.33,6.42,4.93,4.99,14616000,4.99
2004-04-28,6.35,6.35,5.87,6.00,4574700,6.00
2004-04-27,6.24,6.45,6.18,6.32,3362100,6.32
2004-04-26,6.30,6.47,6.15,6.19,2388300,6.19
2004-04-23,6.48,6.54,6.20,6.25,2854700,6.25
2004-04-22,6.45,6.57,6.37,6.50,3140200,6.50
2004-04-21,6.55,6.69,6.31,6.50,4292500,6.50
2004-04-20,6.44,6.80,6.30,6.40,4111700,6.40
2004-04-19,6.56,6.67,6.31,6.49,4271900,6.49
2004-04-16,7.15,7.15,6.61,6.74,3667500,6.74
2004-04-15,7.30,7.40,6.91,7.20,6825000,7.20
2004-04-14,7.20,7.46,7.15,7.32,3141200,7.32
2004-04-13,7.55,7.58,7.16,7.32,2307100,7.32
2004-04-12,7.40,7.50,7.20,7.50,1811300,7.50
2004-04-08,7.44,7.50,7.25,7.40,2972100,7.40
2004-04-07,7.51,7.54,7.20,7.38,5758600,7.38
2004-04-06,7.78,7.88,7.33,7.54,9183500,7.54
2004-04-05,7.62,7.91,7.61,7.89,7131800,7.89
2004-04-02,7.65,7.70,7.48,7.60,6976000,7.60
2004-04-01,7.63,7.63,7.42,7.49,12593400,7.49
2004-03-31,7.90,8.09,7.40,7.55,16609900,7.55
2004-03-30,8.25,8.60,8.14,8.43,3209700,8.43
2004-03-29,7.98,8.25,7.97,8.17,2106000,8.17
2004-03-26,7.68,8.05,7.67,7.97,3395200,7.97
2004-03-25,7.27,7.74,7.27,7.69,3212400,7.69
2004-03-24,7.06,7.33,7.02,7.23,2018300,7.23
2004-03-23,7.16,7.35,6.84,7.10,2153200,7.10
2004-03-22,7.46,7.46,7.06,7.15,1844600,7.15
2004-03-19,7.69,7.74,7.48,7.50,1708300,7.50
2004-03-18,7.70,7.80,7.41,7.65,1442400,7.65
2004-03-17,7.39,7.86,7.39,7.73,2493800,7.73
2004-03-16,7.55,7.73,7.17,7.40,2609100,7.40
2004-03-15,7.84,8.00,7.45,7.45,1535200,7.45
2004-03-12,7.98,8.17,7.79,7.90,1944800,7.90
2004-03-11,8.03,8.05,7.67,7.84,3873500,7.84
2004-03-10,8.30,8.49,7.96,8.02,2785400,8.02
2004-03-09,8.41,8.54,8.10,8.27,3946300,8.27
2004-03-08,9.00,9.05,8.28,8.45,2903200,8.45
2004-03-05,8.45,9.03,8.45,9.00,2636700,9.00
2004-03-04,8.35,8.70,8.32,8.61,1624300,8.61
2004-03-03,8.51,8.59,8.21,8.45,2287000,8.45
2004-03-02,8.70,8.80,8.53,8.60,2255500,8.60
2004-03-01,8.58,8.90,8.48,8.81,3537300,8.81
2004-02-27,8.41,8.70,8.26,8.47,5130000,8.47
2004-02-26,8.01,8.38,7.98,8.37,4022000,8.37
2004-02-25,7.79,8.17,7.79,8.14,2702200,8.14
2004-02-24,7.69,8.05,7.69,7.75,3374100,7.75
2004-02-23,7.83,8.00,7.75,7.86,3610100,7.86
2004-02-20,7.65,7.82,7.43,7.79,3009500,7.79
2004-02-19,8.15,8.25,7.50,7.72,3840500,7.72
2004-02-18,7.90,8.24,7.90,8.06,3928100,8.06
2004-02-17,7.67,7.98,7.65,7.90,3874100,7.90
2004-02-13,7.83,7.94,7.57,7.60,2939300,7.60
2004-02-12,7.73,7.98,7.68,7.87,2269000,7.87
2004-02-11,7.62,7.87,7.55,7.83,3162100,7.83
2004-02-10,7.55,7.65,7.43,7.61,1395600,7.61
2004-02-09,7.40,7.73,7.40,7.69,5268000,7.69
2004-02-06,6.95,7.45,6.91,7.40,3434700,7.40
2004-02-05,7.05,7.14,6.90,7.02,2758300,7.02
2004-02-04,6.98,7.18,6.80,6.98,19768200,6.98
2004-02-03,7.33,7.72,6.88,6.98,5753000,6.98
2004-02-02,7.00,7.64,6.88,7.45,5043300,7.45
2004-01-30,7.25,7.31,6.97,7.00,1172800,7.00
2004-01-29,7.52,7.52,6.85,7.27,2228000,7.27
2004-01-28,7.70,7.96,7.40,7.45,2881600,7.45
2004-01-27,7.67,7.80,7.33,7.48,2685200,7.48
2004-01-26,7.57,7.96,7.21,7.90,1286300,7.90
2004-01-23,7.78,7.88,7.47,7.54,2130900,7.54
2004-01-22,7.97,8.20,7.66,7.84,2393200,7.84
2004-01-21,8.23,8.25,7.80,8.02,2633700,8.02
2004-01-20,8.29,8.56,8.15,8.32,2896500,8.32
2004-01-16,7.98,8.13,7.95,8.10,3680500,8.10
2004-01-15,7.70,7.85,7.56,7.80,1951300,7.80
2004-01-14,7.38,7.95,7.20,7.80,4337200,7.80
2004-01-13,7.60,7.65,7.07,7.35,2043500,7.35
2004-01-12,7.59,7.60,7.09,7.50,2436300,7.50
2004-01-09,6.96,7.77,6.77,7.42,3364000,7.42
2004-01-08,7.00,7.20,6.75,7.19,2871400,7.19
2004-01-07,6.50,7.10,6.48,7.01,2417000,7.01
2004-01-06,6.70,6.78,6.46,6.63,1120100,6.63
2004-01-05,6.03,6.80,6.00,6.70,3720500,6.70
2004-01-02,6.57,6.61,6.31,6.35,1369300,6.35
2003-12-31,6.40,6.64,6.30,6.48,764000,6.48
2003-12-30,6.49,6.55,6.38,6.45,915000,6.45
2003-12-29,6.38,6.56,6.27,6.49,844900,6.49
2003-12-26,6.19,6.40,6.10,6.35,229200,6.35
2003-12-24,6.32,6.35,6.20,6.23,551500,6.23
2003-12-23,6.11,6.40,6.10,6.40,636100,6.40
2003-12-22,6.26,6.37,6.13,6.20,574600,6.20
2003-12-19,6.45,6.59,6.17,6.36,900700,6.36
2003-12-18,6.25,6.68,6.24,6.50,1769700,6.50
2003-12-17,6.40,6.49,6.19,6.25,2027100,6.25
2003-12-16,6.01,6.56,5.58,6.56,3443300,6.56
2003-12-15,6.58,6.59,6.00,6.02,1641500,6.02
2003-12-12,6.61,6.64,6.10,6.25,1366400,6.25
2003-12-11,6.00,6.47,5.98,6.38,2046700,6.38
2003-12-10,5.84,5.95,5.53,5.86,2178900,5.86
2003-12-09,6.07,6.20,5.64,5.77,1558700,5.77
2003-12-08,6.16,6.40,5.94,5.98,3332900,5.98
2003-12-05,6.59,6.71,6.10,6.20,3189800,6.20
2003-12-04,7.05,7.19,6.25,6.80,5240800,6.80
2003-12-03,7.14,7.49,6.91,7.00,6641500,7.00
2003-12-02,6.74,7.15,6.60,7.05,3025200,7.05
2003-12-01,6.66,6.82,6.35,6.75,2387100,6.75
2003-11-28,6.64,6.70,6.15,6.57,1388200,6.57
2003-11-26,6.01,6.73,6.01,6.56,5628900,6.56
2003-11-25,5.60,6.13,5.50,6.07,5732100,6.07
2003-11-24,5.43,5.59,5.27,5.49,4278200,5.49
2003-11-21,5.12,5.24,5.05,5.20,1700300,5.20
2003-11-20,4.90,5.25,4.86,5.13,4275900,5.13
2003-11-19,5.64,5.85,4.95,4.97,4855800,4.97
2003-11-18,4.85,5.25,4.84,5.23,2214700,5.23
2003-11-17,5.10,5.12,4.61,4.93,1574900,4.93
2003-11-14,4.95,5.29,4.85,5.11,3856400,5.11
2003-11-13,4.66,4.94,4.61,4.83,1404200,4.83
2003-11-12,4.53,4.82,4.51,4.71,1051800,4.71
2003-11-11,4.63,4.68,4.46,4.51,947700,4.51
2003-11-10,4.75,4.84,4.60,4.61,2010800,4.61
2003-11-07,4.48,4.75,4.36,4.59,1317400,4.59
2003-11-06,4.48,4.60,4.35,4.43,1083000,4.43
2003-11-05,4.26,4.46,4.25,4.41,968600,4.41
2003-11-04,4.37,4.38,4.22,4.30,1086100,4.30
2003-11-03,4.31,4.45,4.31,4.38,1295100,4.38
2003-10-31,4.41,4.50,4.12,4.30,1278300,4.30
2003-10-30,4.51,4.59,4.20,4.44,4890300,4.44
2003-10-29,4.74,5.10,4.70,4.96,3824700,4.96
2003-10-28,4.45,4.77,4.43,4.75,3388300,4.75
2003-10-27,4.25,4.44,4.13,4.40,998900,4.40
2003-10-24,4.06,4.28,4.03,4.19,925700,4.19
2003-10-23,4.34,4.45,4.07,4.30,1277000,4.30
2003-10-22,4.54,4.56,4.41,4.49,498000,4.49
2003-10-21,4.62,4.66,4.50,4.55,1366900,4.55
2003-10-20,4.50,4.61,4.37,4.60,1221800,4.60
2003-10-17,4.59,4.64,4.34,4.53,2000500,4.53
2003-10-16,4.62,4.63,4.45,4.60,2240200,4.60
2003-10-15,4.60,4.68,4.50,4.59,3222100,4.59
2003-10-14,4.59,4.60,4.33,4.49,1053900,4.49
2003-10-13,4.55,4.60,4.46,4.60,1613000,4.60
2003-10-10,4.44,4.54,4.41,4.50,1338000,4.50
2003-10-09,4.40,4.57,4.36,4.47,2996100,4.47
2003-10-08,4.23,4.45,4.00,4.30,3046800,4.30
2003-10-07,4.30,4.30,4.10,4.25,1305400,4.25
2003-10-06,4.40,4.44,4.23,4.26,697500,4.26
2003-10-03,4.15,4.50,4.07,4.37,1631000,4.37
2003-10-02,4.09,4.28,4.07,4.19,681400,4.19
2003-10-01,4.20,4.29,4.05,4.28,1205900,4.28
2003-09-30,3.93,4.15,3.80,4.00,1236400,4.00
2003-09-29,3.82,4.10,3.77,3.97,1452200,3.97
2003-09-26,3.95,4.02,3.73,3.81,2398500,3.81
2003-09-25,4.25,4.29,3.81,3.93,1778400,3.93
2003-09-24,4.60,4.67,4.05,4.22,2947800,4.22
2003-09-23,4.52,4.67,4.52,4.56,2758700,4.56
2003-09-22,4.50,4.65,4.38,4.55,2035000,4.55
2003-09-19,4.47,4.75,4.40,4.71,5102200,4.71
2003-09-18,4.52,4.55,4.25,4.47,14859300,4.47
2003-09-17,5.13,5.13,4.53,4.61,2970100,4.61
2003-09-16,5.24,5.35,5.13,5.18,797200,5.18
2003-09-15,5.18,5.28,4.91,5.19,1530400,5.19
2003-09-12,5.21,5.30,5.00,5.30,597600,5.30
2003-09-11,4.80,5.34,4.67,5.26,948600,5.26
2003-09-10,5.15,5.16,4.59,4.85,738900,4.85
2003-09-09,6.01,6.39,5.11,5.17,2619800,5.17
2003-09-08,5.11,5.48,5.06,5.46,797000,5.46
2003-09-05,5.03,5.40,4.82,5.28,3202900,5.28
2003-09-04,4.31,4.75,4.19,4.70,531100,4.70
2003-09-03,4.75,4.83,4.24,4.37,909600,4.37
2003-09-02,4.98,5.00,4.65,4.72,1386900,4.72
2003-08-29,4.60,4.85,4.47,4.79,485800,4.79
2003-08-28,4.43,4.75,4.38,4.75,480900,4.75
2003-08-27,4.31,4.50,4.25,4.48,344400,4.48
2003-08-26,4.23,4.34,4.11,4.26,199800,4.26
2003-08-25,4.18,4.37,4.08,4.34,398300,4.34
2003-08-22,4.15,4.28,4.10,4.19,436000,4.19
2003-08-21,3.66,4.30,3.62,4.15,762000,4.15
2003-08-20,3.65,3.73,3.55,3.72,165000,3.72
2003-08-19,3.75,3.75,3.65,3.70,496200,3.70
2003-08-18,3.60,3.78,3.58,3.75,251700,3.75
2003-08-15,3.55,3.73,3.30,3.70,236300,3.70
2003-08-14,3.43,3.60,3.40,3.60,350700,3.60
2003-08-13,3.48,3.50,3.38,3.44,222500,3.44
2003-08-12,3.47,3.49,3.29,3.47,237200,3.47
2003-08-11,3.33,3.46,3.20,3.46,129400,3.46
2003-08-08,3.38,3.50,3.25,3.40,616000,3.40
2003-08-07,3.17,3.37,3.17,3.35,254100,3.35
2003-08-06,2.95,3.25,2.95,3.17,145100,3.17
2003-08-05,3.05,3.26,2.95,3.20,399800,3.20
2003-08-04,2.84,3.25,2.83,3.06,703200,3.06
2003-08-01,2.81,3.00,2.72,2.84,276100,2.84
2003-07-31,2.70,3.05,2.40,2.92,2111800,2.92
2003-07-30,3.44,3.44,3.28,3.29,612200,3.29
2003-07-29,3.39,3.52,3.37,3.46,285900,3.46
2003-07-28,3.49,3.58,3.29,3.58,368100,3.58
2003-07-25,3.37,3.60,3.35,3.51,385000,3.51
2003-07-24,3.42,3.48,3.35,3.48,259700,3.48
2003-07-23,3.33,3.44,3.21,3.44,159400,3.44
2003-07-22,3.08,3.40,3.02,3.34,224300,3.34
2003-07-21,3.24,3.26,3.09,3.19,220100,3.19
2003-07-18,3.40,3.45,3.26,3.29,414300,3.29
2003-07-17,3.39,3.50,3.29,3.45,649600,3.45
2003-07-16,3.20,3.50,3.10,3.48,439700,3.48
2003-07-15,3.13,3.25,3.03,3.25,243100,3.25
2003-07-14,3.00,3.25,2.98,3.14,479500,3.14
2003-07-11,3.05,3.15,2.94,3.09,264500,3.09
2003-07-10,3.00,3.01,2.78,2.98,362300,2.98
2003-07-09,2.59,3.10,2.59,3.00,2259000,3.00
2003-07-08,2.64,2.70,2.57,2.69,363500,2.69
2003-07-07,2.68,2.76,2.60,2.70,147400,2.70
2003-07-03,2.61,2.72,2.58,2.69,48500,2.69
2003-07-02,2.60,2.79,2.35,2.68,281200,2.68
2003-07-01,2.70,2.72,2.48,2.61,239200,2.61
2003-06-30,2.65,2.76,2.60,2.70,744500,2.70
2003-06-27,2.71,2.74,2.62,2.67,203900,2.67
2003-06-26,2.52,2.70,2.50,2.66,376000,2.66
2003-06-25,2.34,2.52,2.34,2.50,231700,2.50
2003-06-24,2.27,2.42,2.21,2.40,162900,2.40
2003-06-23,2.48,2.49,2.28,2.29,235800,2.29
2003-06-20,2.15,2.55,2.15,2.49,596900,2.49
2003-06-19,2.15,2.59,2.15,2.38,903000,2.38
2003-06-18,2.18,2.24,2.10,2.20,272000,2.20
2003-06-17,2.15,2.22,2.14,2.20,380800,2.20
2003-06-16,2.26,2.36,2.09,2.20,592700,2.20
2003-06-13,2.42,2.45,2.28,2.32,386000,2.32
2003-06-12,2.55,2.62,2.39,2.40,288500,2.40
2003-06-11,2.60,2.61,2.37,2.39,809900,2.39
2003-06-10,2.49,2.58,2.31,2.56,373400,2.56
2003-06-09,2.37,2.50,2.30,2.30,153200,2.30
2003-06-06,2.38,2.70,2.29,2.32,458300,2.32
2003-06-05,2.33,2.58,2.23,2.41,302900,2.41
2003-06-04,2.37,2.60,2.37,2.48,234700,2.48
2003-06-03,2.60,2.70,2.30,2.42,408700,2.42
2003-06-02,2.71,2.95,2.58,2.70,618400,2.70
2003-05-30,2.47,2.85,2.38,2.71,648900,2.71
2003-05-29,2.35,2.57,2.35,2.44,603700,2.44
2003-05-28,2.10,2.35,2.10,2.35,477700,2.35
2003-05-27,2.00,2.10,1.98,2.08,144100,2.08
2003-05-23,1.99,2.07,1.92,2.00,187200,2.00
2003-05-22,2.09,2.14,1.98,2.01,176300,2.01
2003-05-21,2.01,2.20,2.00,2.15,219800,2.15
2003-05-20,2.15,2.29,2.06,2.20,407700,2.20
2003-05-19,2.15,2.25,1.98,2.24,657700,2.24
2003-05-16,1.95,2.46,1.95,2.29,1362500,2.29
2003-05-15,1.79,1.97,1.79,1.93,364900,1.93
2003-05-14,1.92,1.92,1.84,1.90,447400,1.90
2003-05-13,1.79,1.99,1.79,1.90,591800,1.90
2003-05-12,1.84,1.89,1.77,1.85,382500,1.85
2003-05-09,1.67,1.78,1.65,1.77,598500,1.77
2003-05-08,1.66,1.70,1.63,1.65,140600,1.65
2003-05-07,1.75,1.75,1.50,1.66,656800,1.66
2003-05-06,1.69,1.72,1.61,1.68,339200,1.68
2003-05-05,1.66,1.74,1.60,1.69,569600,1.69
2003-05-02,1.50,1.72,1.47,1.68,2286900,1.68
2003-05-01,1.41,1.51,1.31,1.46,1300900,1.46
2003-04-30,1.32,1.39,1.31,1.36,306400,1.36
2003-04-29,1.35,1.38,1.32,1.35,494200,1.35
2003-04-28,1.32,1.36,1.32,1.35,247800,1.35
2003-04-25,1.34,1.35,1.30,1.34,391600,1.34
2003-04-24,1.29,1.35,1.28,1.34,123100,1.34
2003-04-23,1.35,1.36,1.30,1.35,283800,1.35
2003-04-22,1.27,1.34,1.27,1.34,361300,1.34
2003-04-21,1.24,1.31,1.24,1.30,691000,1.30
2003-04-17,1.20,1.27,1.18,1.25,409800,1.25
2003-04-16,1.17,1.22,1.15,1.19,459700,1.19
2003-04-15,1.15,1.17,1.11,1.15,350600,1.15
2003-04-14,1.12,1.19,1.10,1.16,371600,1.16
2003-04-11,1.10,1.14,1.05,1.10,211500,1.10
2003-04-10,1.06,1.15,0.99,1.10,627700,1.10
2003-04-09,1.09,1.10,1.01,1.03,730600,1.03
2003-04-08,1.17,1.17,1.05,1.08,497500,1.08
2003-04-07,1.20,1.25,1.15,1.17,467400,1.17
2003-04-04,1.16,1.20,1.13,1.17,298200,1.17
2003-04-03,1.20,1.22,1.10,1.18,616400,1.18
2003-04-02,1.11,1.26,1.09,1.18,4242200,1.18
2003-04-01,1.31,1.39,0.95,1.04,5937800,1.04
2003-03-31,1.37,1.37,1.25,1.27,362100,1.27
2003-03-28,1.39,1.47,1.27,1.28,133700,1.28
2003-03-27,1.37,1.41,1.32,1.40,70100,1.40
2003-03-26,1.41,1.46,1.32,1.37,143600,1.37
2003-03-25,1.37,1.49,1.37,1.45,464100,1.45
2003-03-24,1.30,1.44,1.26,1.42,81100,1.42
2003-03-21,1.38,1.45,1.36,1.43,423200,1.43
2003-03-20,1.35,1.39,1.32,1.34,139400,1.34
2003-03-19,1.42,1.44,1.35,1.36,235300,1.36
2003-03-18,1.33,1.41,1.30,1.39,494000,1.39
2003-03-17,1.25,1.36,1.21,1.31,355500,1.31
2003-03-14,1.30,1.37,1.26,1.26,343200,1.26
2003-03-13,1.24,1.30,1.20,1.26,133200,1.26
2003-03-12,1.26,1.27,1.19,1.23,68800,1.23
2003-03-11,1.30,1.33,1.23,1.28,71000,1.28
2003-03-10,1.36,1.41,1.29,1.30,308600,1.30
2003-03-07,1.39,1.40,1.36,1.36,38700,1.36
2003-03-06,1.40,1.45,1.35,1.36,39600,1.36
2003-03-05,1.36,1.44,1.35,1.44,30600,1.44
2003-03-04,1.42,1.47,1.35,1.39,51100,1.39
2003-03-03,1.38,1.44,1.36,1.38,65100,1.38
2003-02-28,1.45,1.49,1.38,1.41,55400,1.41
2003-02-27,1.47,1.48,1.41,1.47,82600,1.47
2003-02-26,1.39,1.48,1.35,1.47,32700,1.47
2003-02-25,1.40,1.47,1.30,1.39,110500,1.39
2003-02-24,1.40,1.49,1.29,1.39,123900,1.39
2003-02-21,1.46,1.48,1.30,1.40,100600,1.40
2003-02-20,1.39,1.46,1.34,1.43,95200,1.43
2003-02-19,1.21,1.40,1.15,1.38,186600,1.38
2003-02-18,1.19,1.30,1.19,1.29,71100,1.29
2003-02-14,1.14,1.19,1.10,1.18,34000,1.18
2003-02-13,1.18,1.18,1.10,1.14,42800,1.14
2003-02-12,1.19,1.19,1.11,1.18,43900,1.18
2003-02-11,1.23,1.26,1.10,1.17,188700,1.17
2003-02-10,1.29,1.29,1.18,1.22,156000,1.22
2003-02-07,1.23,1.30,1.23,1.27,166500,1.27
2003-02-06,1.25,1.36,1.23,1.23,446400,1.23
2003-02-05,1.36,1.36,1.24,1.25,62600,1.25
2003-02-04,1.27,1.28,1.21,1.27,85900,1.27
2003-02-03,1.29,1.35,1.26,1.27,38800,1.27
2003-01-31,1.31,1.38,1.28,1.28,83300,1.28
2003-01-30,1.31,1.38,1.31,1.35,89100,1.35
2003-01-29,1.40,1.40,1.26,1.35,71100,1.35
2003-01-28,1.20,1.35,1.20,1.34,85900,1.34
2003-01-27,1.32,1.38,1.20,1.21,199600,1.21
2003-01-24,1.41,1.42,1.32,1.34,212900,1.34
2003-01-23,1.43,1.52,1.37,1.39,135200,1.39
2003-01-22,1.35,1.58,1.30,1.37,244100,1.37
2003-01-21,1.51,1.57,1.29,1.30,192900,1.30
2003-01-17,1.63,1.67,1.47,1.47,95600,1.47
2003-01-16,1.68,1.75,1.65,1.65,35100,1.65
2003-01-15,1.72,1.80,1.66,1.68,42700,1.68
2003-01-14,1.78,1.78,1.65,1.72,57400,1.72
2003-01-13,1.83,1.88,1.72,1.74,58000,1.74
2003-01-10,1.92,1.97,1.78,1.84,85200,1.84
2003-01-09,1.75,1.97,1.72,1.95,176500,1.95
2003-01-08,1.74,1.77,1.70,1.72,100000,1.72
2003-01-07,1.60,1.80,1.54,1.72,240300,1.72
2003-01-06,1.51,1.64,1.50,1.57,110700,1.57
2003-01-03,1.48,1.52,1.39,1.50,106900,1.50
2003-01-02,1.46,1.52,1.38,1.44,131400,1.44
2002-12-31,1.33,1.51,1.33,1.37,146000,1.37
2002-12-30,1.45,1.46,1.33,1.38,206300,1.38
2002-12-27,1.79,1.80,1.43,1.55,121300,1.55
2002-12-26,1.51,1.55,1.35,1.38,82300,1.38
2002-12-24,1.52,1.55,1.46,1.50,95900,1.50
2002-12-23,1.56,1.61,1.44,1.51,142300,1.51
2002-12-20,1.60,1.69,1.52,1.56,107400,1.56
2002-12-19,1.43,1.70,1.39,1.60,122500,1.60
2002-12-18,1.52,1.58,1.31,1.45,167500,1.45
2002-12-17,1.64,1.70,1.56,1.61,50400,1.61
2002-12-16,1.72,1.77,1.56,1.69,150500,1.69
2002-12-13,1.97,1.99,1.78,1.80,89600,1.80
2002-12-12,2.00,2.09,1.93,1.98,151900,1.98
2002-12-11,2.06,2.08,1.99,2.01,178600,2.01
2002-12-10,2.06,2.10,2.01,2.07,76700,2.07
2002-12-09,2.10,2.16,2.00,2.01,54100,2.01
2002-12-06,2.16,2.16,2.08,2.10,63600,2.10
2002-12-05,2.17,2.24,2.09,2.13,61800,2.13
2002-12-04,2.27,2.28,2.08,2.14,106700,2.14
2002-12-03,2.33,2.41,2.18,2.32,191100,2.32
2002-12-02,2.20,2.50,2.08,2.45,285100,2.45
2002-11-29,2.33,2.33,2.05,2.19,124700,2.19
2002-11-27,1.90,2.38,1.90,2.31,346800,2.31
2002-11-26,2.65,2.65,2.20,2.41,430900,2.41
2002-11-25,2.43,2.67,2.30,2.62,415600,2.62
2002-11-22,1.95,2.56,1.94,2.40,433900,2.40
2002-11-21,1.95,2.05,1.94,2.03,225600,2.03
2002-11-20,1.80,1.99,1.80,1.94,145800,1.94
2002-11-19,1.78,1.90,1.75,1.80,112200,1.80
2002-11-18,1.60,1.83,1.60,1.75,188800,1.75
2002-11-15,1.64,1.68,1.58,1.62,294700,1.62
2002-11-14,1.53,1.65,1.53,1.65,68700,1.65
2002-11-13,1.50,1.64,1.49,1.54,41000,1.54
2002-11-12,1.51,1.60,1.50,1.59,41600,1.59
2002-11-11,1.58,1.58,1.47,1.50,42800,1.50
2002-11-08,1.53,1.63,1.50,1.59,52600,1.59
2002-11-07,1.57,1.61,1.53,1.53,56700,1.53
2002-11-06,1.54,1.60,1.50,1.58,72900,1.58
2002-11-05,1.51,1.60,1.47,1.52,23300,1.52
2002-11-04,1.54,1.60,1.43,1.43,150800,1.43
2002-11-01,1.29,1.48,1.29,1.43,131900,1.43
2002-10-31,1.23,1.33,1.23,1.29,78500,1.29
2002-10-30,1.23,1.32,1.22,1.24,51800,1.24
2002-10-29,1.35,1.36,1.23,1.31,59100,1.31
2002-10-28,1.45,1.51,1.21,1.30,76500,1.30
2002-10-25,1.38,1.38,1.25,1.31,47000,1.31
2002-10-24,1.41,1.48,1.33,1.34,57700,1.34
2002-10-23,1.25,1.40,1.19,1.33,58100,1.33
2002-10-22,1.29,1.39,1.19,1.31,31900,1.31
2002-10-21,1.42,1.42,1.25,1.32,35200,1.32
2002-10-18,1.35,1.40,1.21,1.40,248900,1.40
2002-10-17,1.24,1.36,1.10,1.33,196300,1.33
2002-10-16,1.09,1.15,1.04,1.12,82100,1.12
2002-10-15,1.25,1.26,1.00,1.11,133600,1.11
2002-10-14,1.05,1.29,1.00,1.09,91000,1.09
2002-10-11,1.30,1.36,1.20,1.31,40900,1.31
2002-10-10,1.13,1.30,1.08,1.26,88200,1.26
2002-10-09,0.99,1.12,0.95,1.12,111100,1.12
2002-10-08,0.96,1.00,0.90,1.00,74000,1.00
2002-10-07,0.97,1.00,0.91,0.96,78900,0.96
2002-10-04,1.05,1.05,0.89,0.91,203000,0.91
2002-10-03,1.15,1.15,1.05,1.07,102900,1.07
2002-10-02,1.10,1.21,1.10,1.14,58600,1.14
2002-10-01,1.30,1.34,1.07,1.13,127400,1.13
2002-09-30,1.30,1.36,1.20,1.25,59800,1.25
2002-09-27,1.44,1.45,1.18,1.22,107500,1.22
2002-09-26,1.40,1.49,1.26,1.39,269400,1.39
2002-09-25,1.21,1.30,1.18,1.27,122200,1.27
2002-09-24,1.24,1.30,1.13,1.16,97100,1.16
2002-09-23,1.26,1.31,1.21,1.26,144700,1.26
2002-09-20,1.42,1.43,1.25,1.26,222400,1.26
2002-09-19,1.45,1.45,1.25,1.32,179000,1.32
2002-09-18,1.48,1.49,1.32,1.34,86900,1.34
2002-09-17,1.65,1.65,1.40,1.41,134500,1.41
2002-09-16,1.63,1.70,1.56,1.60,94100,1.60
2002-09-13,1.61,1.70,1.60,1.64,34100,1.64
2002-09-12,1.70,1.70,1.60,1.60,73200,1.60
2002-09-11,1.67,1.71,1.65,1.65,115000,1.65
2002-09-10,1.68,1.70,1.64,1.70,73500,1.70
2002-09-09,1.70,1.70,1.61,1.69,51100,1.69
2002-09-06,1.72,1.80,1.61,1.69,111500,1.69
2002-09-05,1.77,1.94,1.69,1.69,95600,1.69
2002-09-04,1.83,1.98,1.79,1.80,71000,1.80
2002-09-03,1.93,1.99,1.85,1.85,55900,1.85
2002-08-30,1.97,2.02,1.93,1.93,37300,1.93
2002-08-29,1.93,2.05,1.93,1.98,13900,1.98
2002-08-28,2.10,2.10,1.94,1.94,54500,1.94
2002-08-27,2.10,2.16,1.94,1.94,21500,1.94
2002-08-26,2.03,2.19,1.92,2.16,136900,2.16
2002-08-23,2.05,2.22,2.04,2.08,34700,2.08
2002-08-22,2.15,2.25,2.05,2.20,63200,2.20
2002-08-21,2.19,2.30,2.12,2.25,62000,2.25
2002-08-20,2.24,2.24,2.12,2.14,25300,2.14
2002-08-19,1.99,2.25,1.99,2.25,87800,2.25
2002-08-16,1.93,2.10,1.93,2.08,43000,2.08
2002-08-15,2.02,2.07,1.91,1.93,45600,1.93
2002-08-14,1.86,2.00,1.80,2.00,99200,2.00
2002-08-13,2.01,2.05,1.90,1.92,67700,1.92
2002-08-12,2.03,2.10,1.85,2.00,66300,2.00
2002-08-09,2.11,2.14,2.02,2.05,83500,2.05
2002-08-08,1.96,2.13,1.95,2.12,179700,2.12
2002-08-07,1.95,2.14,1.91,2.06,98400,2.06
2002-08-06,1.77,2.06,1.76,1.93,162600,1.93
2002-08-05,1.90,1.90,1.76,1.77,70900,1.77
2002-08-02,1.78,1.94,1.78,1.85,70900,1.85
2002-08-01,1.90,1.91,1.76,1.83,108900,1.83
2002-07-31,1.83,1.98,1.67,1.67,347600,1.67
2002-07-30,1.94,2.08,1.80,1.81,289900,1.81
2002-07-29,2.07,2.16,1.83,1.87,560000,1.87
2002-07-26,2.04,2.13,2.04,2.08,71200,2.08
2002-07-25,2.17,2.18,2.00,2.04,128400,2.04
2002-07-24,2.23,2.37,2.00,2.15,280600,2.15
2002-07-23,2.67,2.76,2.17,2.20,249200,2.20
2002-07-22,2.36,2.70,2.25,2.67,163500,2.67
2002-07-19,2.84,2.85,2.21,2.22,198300,2.22
2002-07-18,2.70,2.90,2.70,2.81,162100,2.81
2002-07-17,2.72,2.81,2.63,2.71,141400,2.71
2002-07-16,2.55,2.88,2.50,2.62,257900,2.62
2002-07-15,2.31,2.67,2.28,2.55,114000,2.55
2002-07-12,2.41,2.55,2.30,2.37,103500,2.37
2002-07-11,2.34,2.42,2.20,2.40,113800,2.40
2002-07-10,2.53,2.54,2.31,2.34,182100,2.34
2002-07-09,2.28,2.40,2.26,2.31,146100,2.31
2002-07-08,2.25,2.35,2.21,2.23,288700,2.23
2002-07-05,2.00,2.33,2.00,2.16,198300,2.16
2002-07-03,1.99,2.00,1.78,1.98,316300,1.98
2002-07-02,1.89,1.97,1.78,1.92,79500,1.92
2002-07-01,2.04,2.05,1.72,1.88,582400,1.88
2002-06-28,2.04,2.15,1.80,2.06,720200,2.06
2002-06-27,2.35,2.45,1.98,2.00,774100,2.00
2002-06-26,2.00,2.32,1.80,2.30,740500,2.30
2002-06-25,2.01,2.10,1.91,2.07,639000,2.07
2002-06-24,1.83,1.87,1.58,1.60,475400,1.60
2002-06-21,2.36,2.36,1.79,1.83,835900,1.83
2002-06-20,2.33,2.42,2.26,2.27,190700,2.27
2002-06-19,2.45,2.61,2.30,2.40,128000,2.40
2002-06-18,2.52,2.64,2.35,2.47,362500,2.47
2002-06-17,2.32,2.40,2.25,2.40,194100,2.40
2002-06-14,2.40,2.40,2.20,2.32,344300,2.32
2002-06-13,2.40,2.45,2.36,2.37,102500,2.37
2002-06-12,2.45,2.52,2.38,2.40,171300,2.40
2002-06-11,2.62,2.62,2.44,2.50,242200,2.50
2002-06-10,2.70,2.75,2.55,2.62,261400,2.62
2002-06-07,2.54,2.68,2.40,2.67,263400,2.67
2002-06-06,3.00,3.00,2.55,2.58,316700,2.58
2002-06-05,2.90,3.00,2.83,2.90,73200,2.90
2002-06-04,2.83,3.00,2.76,2.96,101600,2.96
2002-06-03,2.96,3.08,2.81,2.84,255100,2.84
2002-05-31,2.88,2.99,2.85,2.86,131600,2.86
2002-05-30,3.00,3.05,2.81,2.87,115600,2.87
2002-05-29,2.90,3.03,2.82,2.85,462300,2.85
2002-05-28,2.98,3.08,2.81,2.90,227400,2.90
2002-05-24,3.16,3.17,2.95,3.03,365600,3.03
2002-05-23,3.20,3.20,3.13,3.16,321000,3.16
2002-05-22,3.29,3.30,3.15,3.23,273800,3.23
2002-05-21,3.44,3.58,3.22,3.25,227000,3.25
2002-05-20,3.34,3.52,3.00,3.45,3430800,3.45
2002-05-17,3.38,3.44,3.32,3.39,610600,3.39
2002-05-16,3.27,3.34,3.18,3.31,206900,3.31
2002-05-15,3.30,3.32,3.24,3.24,458800,3.24
2002-05-14,3.25,3.42,3.21,3.26,346500,3.26
2002-05-13,3.16,3.28,3.10,3.22,343100,3.22
2002-05-10,3.05,3.20,3.00,3.06,369800,3.06
2002-05-09,3.43,3.45,2.99,3.04,455000,3.04
2002-05-08,3.47,3.51,3.16,3.40,529300,3.40
2002-05-07,3.22,3.51,3.02,3.38,434400,3.38
2002-05-06,3.40,3.51,3.12,3.19,545500,3.19
2002-05-03,4.16,4.21,3.35,3.35,368000,3.35
2002-05-02,3.74,4.30,3.66,4.14,565700,4.14
2002-05-01,3.69,3.75,3.10,3.75,860800,3.75
2002-04-30,4.00,4.12,3.27,3.64,1369100,3.64
2002-04-29,5.20,5.20,3.87,4.11,1162100,4.11
2002-04-26,5.22,5.50,5.05,5.21,251500,5.21
2002-04-25,5.74,5.74,5.10,5.22,839000,5.22
2002-04-24,5.80,6.27,5.79,5.99,334400,5.99
2002-04-23,5.83,5.97,5.75,5.96,172200,5.96
2002-04-22,5.80,5.96,5.75,5.79,171800,5.79
2002-04-19,5.79,6.00,5.65,5.98,231800,5.98
2002-04-18,5.90,5.98,5.39,5.79,723300,5.79
2002-04-17,6.00,6.13,5.78,5.97,784400,5.97
2002-04-16,5.34,6.22,5.30,5.95,1105200,5.95
2002-04-15,4.91,5.23,4.90,5.20,364300,5.20
2002-04-12,4.66,4.94,4.55,4.88,183900,4.88
2002-04-11,4.55,4.67,4.44,4.60,102200,4.60
2002-04-10,4.34,4.75,4.30,4.70,182400,4.70
2002-04-09,4.62,4.64,4.29,4.30,169300,4.30
2002-04-08,4.84,4.84,4.04,4.60,400400,4.60
2002-04-05,5.00,5.05,4.70,4.84,344900,4.84
2002-04-04,4.59,5.19,4.59,4.96,654800,4.96
2002-04-03,4.50,4.70,4.44,4.55,340000,4.55
2002-04-02,4.24,4.50,4.16,4.43,273400,4.43
2002-04-01,4.20,4.32,4.14,4.24,250900,4.24
2002-03-28,4.03,4.20,3.93,4.20,288300,4.20
2002-03-27,3.71,4.05,3.50,4.05,316300,4.05
2002-03-26,3.67,3.85,3.61,3.70,62800,3.70
2002-03-25,3.90,3.99,3.60,3.72,210600,3.72
2002-03-22,3.61,3.94,3.52,3.81,143500,3.81
2002-03-21,3.72,3.72,3.61,3.67,208800,3.67
2002-03-20,3.81,3.88,3.50,3.72,218200,3.72
2002-03-19,3.36,3.89,3.32,3.89,442400,3.89
2002-03-18,3.25,3.40,3.22,3.38,166100,3.38
2002-03-15,3.21,3.35,3.10,3.28,189100,3.28
2002-03-14,2.95,3.20,2.95,3.16,245000,3.16
2002-03-13,3.06,3.16,2.91,2.95,78700,2.95
2002-03-12,3.33,3.33,3.07,3.14,95600,3.14
2002-03-11,3.29,3.37,3.10,3.34,161800,3.34
2002-03-08,3.25,3.44,3.17,3.30,111100,3.30
2002-03-07,3.38,3.40,3.20,3.25,146700,3.25
2002-03-06,3.00,3.40,2.99,3.33,321400,3.33
2002-03-05,2.87,3.27,2.85,3.13,379500,3.13
2002-03-04,2.86,3.00,2.79,2.83,192100,2.83
2002-03-01,2.90,2.90,2.83,2.83,155400,2.83
2002-02-28,2.93,2.93,2.65,2.85,202000,2.85
2002-02-27,2.80,2.94,2.71,2.79,197800,2.79
2002-02-26,2.76,2.89,2.70,2.75,85500,2.75
2002-02-25,2.67,2.76,2.63,2.76,125500,2.76
2002-02-22,2.82,2.84,2.59,2.69,91300,2.69
2002-02-21,2.78,2.83,2.73,2.79,183100,2.79
2002-02-20,2.58,2.80,2.50,2.78,375200,2.78
2002-02-19,2.68,2.70,2.50,2.58,224500,2.58
2002-02-15,2.52,2.75,2.48,2.68,121600,2.68
2002-02-14,2.76,2.79,2.50,2.58,223300,2.58
2002-02-13,2.81,2.92,2.70,2.80,138100,2.80
2002-02-12,2.80,2.86,2.66,2.79,82600,2.79
2002-02-11,2.69,2.95,2.63,2.90,92800,2.90
2002-02-08,2.57,2.70,2.52,2.70,96700,2.70
2002-02-07,2.32,2.73,2.32,2.52,663900,2.52
2002-02-06,2.90,2.91,2.00,2.38,1122900,2.38
2002-02-05,3.03,3.04,2.89,2.90,122100,2.90
2002-02-04,3.00,3.07,2.80,2.98,211700,2.98
2002-02-01,3.00,3.09,2.88,2.93,381900,2.93
2002-01-31,3.18,3.21,3.00,3.10,252300,3.10
2002-01-30,3.35,3.36,2.90,3.16,390700,3.16
2002-01-29,3.43,3.60,3.15,3.36,671800,3.36
2002-01-28,3.30,3.50,3.30,3.41,374000,3.41
2002-01-25,3.23,3.33,3.12,3.30,439700,3.30
2002-01-24,3.01,3.35,2.98,3.22,766800,3.22
2002-01-23,2.95,2.95,2.70,2.90,1096900,2.90
2002-01-22,2.97,3.00,2.82,2.85,113500,2.85
2002-01-18,3.02,3.06,2.88,2.91,215900,2.91
2002-01-17,3.20,3.20,3.02,3.09,306200,3.09
2002-01-16,3.14,3.20,3.02,3.03,370200,3.03
2002-01-15,3.15,3.36,3.00,3.18,205700,3.18
2002-01-14,3.25,3.28,2.89,3.10,550400,3.10
2002-01-11,3.45,3.60,3.20,3.20,423900,3.20
2002-01-10,3.66,3.73,3.29,3.33,613100,3.33
2002-01-09,3.10,4.13,3.05,3.65,1946000,3.65
2002-01-08,3.10,3.14,2.74,3.00,676100,3.00
2002-01-07,3.27,3.32,3.00,3.10,432100,3.10
2002-01-04,3.40,3.44,3.00,3.10,873700,3.10
2002-01-03,2.29,3.61,2.24,3.50,2065500,3.50
2002-01-02,2.09,2.26,2.01,2.25,276800,2.25
2001-12-31,2.05,2.10,1.94,2.07,598400,2.07
2001-12-28,1.98,2.19,1.95,2.06,315800,2.06
2001-12-27,2.08,2.14,1.91,2.00,1312200,2.00
2001-12-26,2.23,2.25,2.08,2.12,166800,2.12
2001-12-24,2.21,2.31,2.12,2.19,70700,2.19
2001-12-21,2.10,2.33,2.05,2.22,382900,2.22
2001-12-20,2.02,2.20,2.01,2.17,236400,2.17
2001-12-19,2.03,2.10,1.88,2.10,771100,2.10
2001-12-18,2.19,2.32,2.04,2.13,568700,2.13
2001-12-17,1.91,2.11,1.87,2.08,429700,2.08
2001-12-14,2.00,2.00,1.85,1.91,267400,1.91
2001-12-13,2.00,2.06,1.95,1.97,402500,1.97
2001-12-12,2.05,2.11,1.88,2.08,448700,2.08
2001-12-11,2.26,2.28,2.03,2.06,1557800,2.06
2001-12-10,2.47,2.65,2.07,2.19,1792700,2.19
2001-12-07,2.11,2.43,2.02,2.36,2397200,2.36
2001-12-06,2.00,2.10,1.85,1.99,1567300,1.99
2001-12-05,1.68,1.95,1.64,1.83,2558800,1.83
2001-12-04,1.60,1.64,1.56,1.62,962500,1.62
2001-12-03,1.59,1.64,1.54,1.57,429700,1.57
2001-11-30,1.67,1.70,1.60,1.63,247200,1.63
2001-11-29,1.65,1.73,1.57,1.67,359800,1.67
2001-11-28,1.77,1.80,1.65,1.68,647800,1.68
2001-11-27,1.75,1.85,1.72,1.81,416800,1.81
2001-11-26,1.82,1.96,1.70,1.76,1136400,1.76
2001-11-23,1.49,1.83,1.48,1.77,301700,1.77
2001-11-21,1.42,1.52,1.39,1.50,119000,1.50
2001-11-20,1.43,1.45,1.38,1.40,200700,1.40
2001-11-19,1.49,1.49,1.40,1.44,214800,1.44
2001-11-16,1.46,1.58,1.41,1.43,511000,1.43
2001-11-15,1.42,1.50,1.40,1.45,522600,1.45
2001-11-14,1.50,1.50,1.38,1.42,1357000,1.42
2001-11-13,1.49,1.56,1.39,1.49,424300,1.49
2001-11-12,1.45,1.50,1.42,1.49,122600,1.49
2001-11-09,1.39,1.46,1.37,1.46,344600,1.46
2001-11-08,1.44,1.45,1.36,1.39,661200,1.39
2001-11-07,1.35,1.45,1.31,1.35,134200,1.35
2001-11-06,1.40,1.40,1.30,1.36,117300,1.36
2001-11-05,1.41,1.42,1.30,1.41,497900,1.41
2001-11-02,1.42,1.42,1.36,1.37,56700,1.37
2001-11-01,1.48,1.50,1.39,1.39,249500,1.39
2001-10-31,1.38,1.52,1.34,1.44,172600,1.44
2001-10-30,1.35,1.43,1.27,1.33,142000,1.33
2001-10-29,1.50,1.58,1.27,1.33,347300,1.33
2001-10-26,1.54,1.58,1.49,1.51,256200,1.51
2001-10-25,1.38,1.55,1.35,1.54,186100,1.54
2001-10-24,1.55,1.55,1.38,1.41,353300,1.41
2001-10-23,1.53,1.60,1.41,1.50,279300,1.50
2001-10-22,1.53,1.55,1.35,1.51,403700,1.51
2001-10-19,1.45,1.54,1.35,1.46,279500,1.46
2001-10-18,1.59,1.61,1.38,1.45,182900,1.45
2001-10-17,1.68,1.68,1.58,1.58,219300,1.58
2001-10-16,1.68,1.73,1.60,1.65,166600,1.65
2001-10-15,1.76,1.76,1.61,1.70,207700,1.70
2001-10-12,1.97,1.99,1.68,1.76,231900,1.76
2001-10-11,1.89,2.13,1.80,1.90,419800,1.90
2001-10-10,1.90,1.93,1.70,1.89,93000,1.89
2001-10-09,1.81,1.85,1.70,1.85,55300,1.85
2001-10-08,1.71,1.89,1.57,1.89,77000,1.89
2001-10-05,1.60,1.80,1.12,1.75,4055800,1.75
2001-10-04,1.80,1.80,1.56,1.56,118400,1.56
2001-10-03,1.83,1.83,1.68,1.70,98900,1.70
2001-10-02,1.95,1.95,1.70,1.83,107600,1.83
2001-10-01,1.76,1.93,1.65,1.90,89800,1.90
2001-09-28,1.85,1.85,1.65,1.85,175000,1.85
2001-09-27,1.74,1.95,1.73,1.78,87300,1.78
2001-09-26,1.98,1.98,1.73,1.75,45800,1.75
2001-09-25,1.83,2.00,1.80,1.98,121700,1.98
2001-09-24,1.75,2.00,1.75,1.87,289000,1.87
2001-09-21,1.85,1.90,1.68,1.68,123900,1.68
2001-09-20,1.87,2.00,1.67,1.89,93800,1.89
2001-09-19,2.33,2.43,1.87,2.04,112100,2.04
2001-09-18,2.54,2.54,2.17,2.32,54300,2.32
2001-09-17,2.78,2.80,2.47,2.47,125200,2.47
2001-09-10,2.94,3.04,2.72,2.88,109400,2.88
2001-09-07,3.15,3.30,2.90,2.95,732000,2.95
2001-09-06,3.20,3.30,3.10,3.19,678700,3.19
2001-09-05,3.35,3.44,3.13,3.25,448900,3.25
2001-09-04,3.39,3.54,3.30,3.42,396200,3.42
2001-08-31,3.46,3.55,3.25,3.31,356200,3.31
2001-08-30,3.35,3.46,3.35,3.40,412800,3.40
2001-08-29,3.42,3.47,3.25,3.45,349600,3.45
2001-08-28,3.46,3.57,3.39,3.45,49400,3.45
2001-08-27,3.59,3.59,3.40,3.51,37500,3.51
2001-08-24,3.52,3.56,3.47,3.56,69700,3.56
2001-08-23,3.53,3.54,3.39,3.39,43200,3.39
2001-08-22,3.47,3.55,3.39,3.48,173900,3.48
2001-08-21,3.49,3.59,3.31,3.40,124000,3.40
2001-08-20,3.65,3.68,3.31,3.44,53000,3.44
2001-08-17,3.40,3.67,3.40,3.60,224100,3.60
2001-08-16,3.46,3.54,3.30,3.50,85100,3.50
2001-08-15,3.41,3.65,3.36,3.39,48300,3.39
2001-08-14,3.60,3.60,3.31,3.39,52700,3.39
2001-08-13,3.56,3.63,3.48,3.56,137100,3.56
2001-08-10,3.60,3.61,3.30,3.57,99400,3.57
2001-08-09,3.55,3.56,3.42,3.47,227900,3.47
2001-08-08,3.67,3.67,3.49,3.49,125100,3.49
2001-08-07,3.51,3.67,3.50,3.60,61100,3.60
2001-08-06,3.55,3.65,3.40,3.47,143700,3.47
2001-08-03,3.58,3.70,3.40,3.64,279000,3.64
2001-08-02,3.99,4.00,3.55,3.60,363400,3.60
2001-08-01,3.50,4.02,3.40,3.88,568200,3.88
2001-07-31,4.00,4.10,3.15,3.39,306700,3.39
2001-07-30,4.05,4.40,3.75,3.95,375300,3.95
2001-07-27,3.98,4.22,3.95,3.98,329000,3.98
2001-07-26,3.45,3.98,3.45,3.94,158600,3.94
2001-07-25,3.19,3.57,3.19,3.55,80500,3.55
2001-07-24,3.65,3.70,3.04,3.10,145700,3.10
2001-07-23,3.91,3.95,3.61,3.61,107800,3.61
2001-07-20,3.86,3.98,3.81,3.81,45400,3.81
2001-07-19,4.24,4.25,3.86,3.87,136500,3.87
2001-07-18,3.93,4.05,3.85,3.86,47200,3.86
2001-07-17,3.99,4.00,3.90,3.95,138000,3.95
2001-07-16,3.91,4.05,3.90,3.95,115900,3.95
2001-07-13,3.95,4.00,3.85,3.86,236600,3.86
2001-07-12,4.09,4.10,3.76,4.00,552500,4.00
2001-07-11,4.20,4.29,4.00,4.05,271100,4.05
2001-07-10,4.29,4.39,4.20,4.25,203200,4.25
2001-07-09,4.50,4.55,4.21,4.26,87800,4.26
2001-07-06,4.79,4.79,4.36,4.50,153000,4.50
2001-07-05,4.54,4.79,4.53,4.79,132700,4.79
2001-07-03,4.70,4.70,4.47,4.50,91600,4.50
2001-07-02,4.59,5.00,4.56,4.68,217000,4.68
2001-06-29,4.92,5.00,4.25,4.55,347500,4.55
2001-06-28,5.00,5.17,4.90,5.00,218100,5.00
2001-06-27,5.01,5.05,4.64,5.03,138800,5.03
2001-06-26,5.03,5.20,5.00,5.00,110100,5.00
2001-06-25,4.55,5.20,4.40,5.20,97800,5.20
2001-06-22,4.50,4.92,4.45,4.75,132300,4.75
2001-06-21,4.81,5.15,4.78,4.94,39800,4.94
2001-06-20,4.78,5.09,4.70,4.80,277500,4.80
2001-06-19,4.83,5.09,4.70,4.80,173800,4.80
2001-06-18,5.31,5.63,4.55,4.60,219100,4.60
2001-06-15,5.58,5.82,5.30,5.35,301100,5.35
2001-06-14,5.78,6.12,5.60,5.92,387600,5.92
2001-06-13,6.05,6.10,5.65,5.68,227600,5.68
2001-06-12,6.22,6.30,5.97,6.00,87100,6.00
2001-06-11,6.35,6.50,6.16,6.23,78800,6.23
2001-06-08,6.65,6.70,6.36,6.39,83200,6.39
2001-06-07,6.72,6.72,6.28,6.70,122000,6.70
2001-06-06,6.70,6.89,6.50,6.70,247600,6.70
2001-06-05,6.70,6.95,6.48,6.76,317800,6.76
2001-06-04,6.54,6.95,6.40,6.78,159700,6.78
2001-06-01,6.80,6.99,6.50,6.94,370400,6.94
2001-05-31,5.90,7.01,5.87,7.01,997200,7.01
2001-05-30,6.00,6.04,5.60,5.93,161800,5.93
2001-05-29,6.80,6.85,5.87,6.10,256600,6.10
2001-05-25,6.95,7.10,6.75,6.80,125800,6.80
2001-05-24,6.79,6.95,6.33,6.93,203400,6.93
2001-05-23,7.00,7.03,6.56,6.62,63100,6.62
2001-05-22,7.25,7.25,6.76,6.94,56300,6.94
2001-05-21,6.90,7.30,6.82,7.10,389400,7.10
2001-05-18,7.04,7.04,6.35,6.95,96500,6.95
2001-05-17,7.00,7.15,6.95,7.05,197800,7.05
2001-05-16,6.85,7.17,6.84,7.01,225100,7.01
2001-05-15,6.83,7.04,6.70,7.00,126100,7.00
2001-05-14,6.69,6.98,6.68,6.77,65800,6.77
2001-05-11,6.74,6.99,6.57,6.70,96100,6.70
2001-05-10,7.23,7.40,6.70,6.73,178100,6.73
2001-05-09,7.39,7.49,7.05,7.18,131900,7.18
2001-05-08,7.65,7.70,6.95,7.48,218900,7.48
2001-05-07,7.14,8.00,6.95,7.43,644400,7.43
2001-05-04,6.18,6.90,6.01,6.50,187200,6.50
2001-05-03,6.15,6.24,5.96,6.20,102100,6.20
2001-05-02,6.00,6.37,5.80,6.32,195800,6.32
2001-05-01,5.91,6.03,5.75,5.88,69800,5.88
2001-04-30,5.27,5.99,5.25,5.90,314400,5.90
2001-04-27,5.25,5.32,5.01,5.28,76100,5.28
2001-04-26,5.25,5.30,4.96,5.16,250600,5.16
2001-04-25,4.81,5.25,4.60,5.19,95600,5.19
2001-04-24,4.82,5.00,4.79,4.96,44600,4.96
2001-04-23,5.08,5.10,4.79,4.90,49200,4.90
2001-04-20,5.26,5.27,5.01,5.09,120100,5.09
2001-04-19,5.24,5.38,5.00,5.27,119300,5.27
2001-04-18,4.28,5.25,4.14,5.20,273800,5.20
2001-04-17,4.32,4.32,3.98,4.14,78700,4.14
2001-04-16,4.50,4.51,4.25,4.32,63400,4.32
2001-04-12,4.77,4.78,4.50,4.65,125800,4.65
2001-04-11,4.62,4.80,4.47,4.65,108700,4.65
2001-04-10,4.11,4.50,4.10,4.42,80600,4.42
2001-04-09,4.08,4.48,4.07,4.18,34900,4.18
2001-04-06,4.25,4.3125,4.03125,4.0625,48300,4.0625
2001-04-05,4.29688,4.50,4.00,4.4375,85500,4.4375
2001-04-04,4.34375,4.71875,3.9375,4.00,170300,4.00
2001-04-03,5.125,5.15625,4.125,4.375,104400,4.375
2001-04-02,5.3125,5.40625,4.875,5.00,74700,5.00
2001-03-30,4.78125,5.375,4.78125,5.34375,191300,5.34375
2001-03-29,5.53125,5.5625,4.59375,4.75,213700,4.75
2001-03-28,5.5625,5.6875,5.50,5.5625,150600,5.5625
2001-03-27,5.40625,5.75,5.28125,5.6875,203600,5.6875
2001-03-26,5.50,5.625,5.125,5.50,88300,5.50
2001-03-23,5.125,5.50,5.0625,5.50,111300,5.50
2001-03-22,5.0625,5.25,4.8125,5.09375,115500,5.09375
2001-03-21,5.45312,5.625,4.8125,5.00,125300,5.00
2001-03-20,5.65625,5.71875,5.09375,5.4375,73900,5.4375
2001-03-19,5.65625,5.75,5.00,5.54688,226700,5.54688
2001-03-16,5.84375,6.00,5.625,5.6875,237800,5.6875
2001-03-15,5.40625,6.00,5.40625,5.875,288700,5.875
2001-03-14,5.25,5.625,5.00,5.40625,314700,5.40625
2001-03-13,5.375,5.4375,5.1875,5.375,96500,5.375
2001-03-12,5.375,5.40625,5.1875,5.3125,185400,5.3125
2001-03-09,5.21875,5.71875,4.9375,5.34375,1105200,5.34375
2001-03-08,6.21875,6.75,6.00,6.3125,274400,6.3125
2001-03-07,6.0625,6.40625,6.0625,6.25,192300,6.25
2001-03-06,5.9375,6.1875,5.75,5.875,176300,5.875
2001-03-05,5.875,6.00,5.75,5.78125,116300,5.78125
2001-03-02,5.6875,5.8125,5.50,5.8125,66800,5.8125
2001-03-01,5.8125,6.00,5.50,5.8125,46400,5.8125
2001-02-28,5.85938,6.00,5.6875,6.00,81100,6.00
2001-02-27,6.1875,6.25,5.6875,5.6875,80400,5.6875
2001-02-26,6.0625,6.1875,5.85938,6.0625,104600,6.0625
2001-02-23,6.00,6.07812,5.50,5.8125,152500,5.8125
2001-02-22,6.0625,6.34375,5.96875,6.0625,78700,6.0625
2001-02-21,6.50,6.5625,6.0625,6.125,95200,6.125
2001-02-20,7.125,7.125,6.50,6.50,87200,6.50
2001-02-16,6.875,7.25,6.4375,7.00,169900,7.00
2001-02-15,6.96875,7.6875,6.9375,7.21875,122300,7.21875
2001-02-14,6.53125,6.9375,6.4375,6.75,61800,6.75
2001-02-13,6.98438,7.00,6.53125,6.625,154500,6.625
2001-02-12,7.03125,7.125,6.625,6.71875,131400,6.71875
2001-02-09,7.28125,7.40625,6.875,7.125,68800,7.125
2001-02-08,7.25,7.6875,7.125,7.28125,106700,7.28125
2001-02-07,7.39062,7.40625,6.90625,7.03125,77900,7.03125
2001-02-06,6.625,7.5625,6.50,7.40625,155600,7.40625
2001-02-05,7.10938,7.125,6.50,6.59375,136700,6.59375
2001-02-02,7.3125,7.32812,6.625,7.125,118800,7.125
2001-02-01,7.4375,7.50,6.5625,7.3125,268300,7.3125
2001-01-31,8.09375,8.1875,6.9375,7.375,580500,7.375
2001-01-30,8.25,8.75,7.9375,7.9375,434800,7.9375
2001-01-29,8.1875,8.50,7.75,8.21875,409200,8.21875
2001-01-26,7.70312,8.375,7.50,8.00,585600,8.00
2001-01-25,7.6875,7.96875,7.40625,7.875,329300,7.875
2001-01-24,6.96875,8.00,6.875,7.75,969100,7.75
2001-01-23,6.15625,6.9375,6.0625,6.75,739600,6.75
2001-01-22,6.375,6.50,5.9375,6.09375,220100,6.09375
2001-01-19,6.6875,6.75,6.00,6.375,273900,6.375
2001-01-18,5.96875,6.3125,5.25,6.1875,338300,6.1875
2001-01-17,5.85938,6.00,5.8125,5.90625,966400,5.90625
2001-01-16,5.875,6.25,5.50,5.75,537600,5.75
2001-01-12,6.00,6.125,5.96875,6.00,401500,6.00
2001-01-11,6.1875,6.1875,5.75,5.9375,332200,5.9375
2001-01-10,6.0625,6.625,5.9375,6.1875,422500,6.1875
2001-01-09,5.75,6.25,5.71875,6.0625,161700,6.0625
2001-01-08,5.5625,5.6875,5.21875,5.6875,112300,5.6875
2001-01-05,5.625,5.96875,5.50,5.5625,72300,5.5625
2001-01-04,5.6875,5.9375,5.46875,5.75,204000,5.75
2001-01-03,4.8125,5.71875,4.75,5.5625,178300,5.5625
2001-01-02,5.125,5.25,4.75,4.875,93100,4.875
2000-12-29,4.875,5.25,4.5625,5.25,697000,5.25
2000-12-28,4.65625,4.96875,4.39062,4.9375,2076000,4.9375
2000-12-27,4.40625,5.125,4.34375,4.6875,456500,4.6875
2000-12-26,4.28125,4.50,4.00,4.50,1433800,4.50
2000-12-22,4.6875,4.9375,4.0625,4.25,573000,4.25
2000-12-21,5.4375,5.50,4.25,4.75,346900,4.75
2000-12-20,5.75,5.875,4.96875,5.4375,674200,5.4375
2000-12-19,6.34375,6.5625,5.625,5.75,1350500,5.75
2000-12-18,5.50,6.4375,5.50,6.34375,2622600,6.34375
2000-12-15,5.9375,6.03125,4.96875,5.25,1488300,5.25
2000-12-14,6.71875,6.75,5.78125,6.00,1512200,6.00
2000-12-13,7.1875,7.375,6.50,6.59375,1341900,6.59375
2000-12-12,8.875,9.25,8.125,8.75,189500,8.75
2000-12-11,8.71875,9.75,8.15625,8.96875,254000,8.96875
2000-12-08,7.4375,8.6875,7.4375,8.6875,349600,8.6875
2000-12-07,7.78125,7.79688,6.9375,7.25,218600,7.25
2000-12-06,8.125,8.125,7.6875,7.78125,417500,7.78125
2000-12-05,7.34375,8.40625,7.21875,8.125,309700,8.125
2000-12-04,7.03125,7.09375,6.65625,7.09375,136600,7.09375
2000-12-01,6.96875,7.25,6.78125,6.875,181500,6.875
2000-11-30,7.0625,7.125,6.50,6.625,471500,6.625
2000-11-29,7.59375,7.59375,7.03125,7.375,281700,7.375
2000-11-28,7.76562,7.875,7.40625,7.5625,281000,7.5625
2000-11-27,8.04688,8.125,7.50,7.75,195400,7.75
2000-11-24,7.75,7.9375,7.59375,7.9375,130900,7.9375
2000-11-22,7.71875,7.90625,7.50,7.5625,255000,7.5625
2000-11-21,8.32812,8.34375,7.6875,7.875,312700,7.875
2000-11-20,9.04688,9.125,8.25,8.34375,301400,8.34375
2000-11-17,8.21875,9.0625,8.03125,9.0625,821200,9.0625
2000-11-16,8.34375,8.625,8.00,8.1875,674400,8.1875
2000-11-15,8.4375,9.125,8.00,8.0625,1533200,8.0625
2000-11-14,8.5625,8.875,8.15625,8.1875,1372000,8.1875
2000-11-13,7.84375,8.375,7.625,8.0625,307900,8.0625
2000-11-10,8.5625,8.625,7.6875,7.8125,494300,7.8125
2000-11-09,9.00,9.10938,8.375,8.50,214200,8.50
2000-11-08,9.75,9.75,8.875,9.03125,250600,9.03125
2000-11-07,9.8125,10.34375,9.50,9.6875,325600,9.6875
2000-11-06,10.75,10.75,9.8125,9.875,349200,9.875
2000-11-03,10.00,10.75,9.875,10.625,672500,10.625
2000-11-02,10.1875,10.375,9.8125,10.125,368800,10.125
2000-11-01,9.9375,10.125,9.875,10.0625,95300,10.0625
2000-10-31,10.0625,10.125,9.875,10.0625,564500,10.0625
2000-10-30,9.5625,10.00,9.50,10.00,74900,10.00
2000-10-27,10.1875,10.1875,9.4375,9.50,358400,9.50
2000-10-26,9.625,10.1875,9.21875,10.125,394200,10.125
2000-10-25,9.96875,10.00,9.1875,9.65625,313800,9.65625
2000-10-24,10.75,10.9375,9.75,10.0625,524100,10.0625
2000-10-23,11.0625,11.0625,10.1875,10.625,356300,10.625
2000-10-20,10.5625,11.125,10.5625,10.9375,412300,10.9375
2000-10-19,10.5625,10.75,10.125,10.50,851200,10.50
2000-10-18,10.00,10.75,9.8125,10.125,743000,10.125
2000-10-17,11.50,11.50,9.625,9.9375,416200,9.9375
2000-10-16,11.75,12.0625,10.50,11.00,139200,11.00
2000-10-13,10.9375,11.875,10.75,11.625,128400,11.625
2000-10-12,10.875,11.23438,10.375,10.875,208800,10.875
2000-10-11,10.5625,10.6875,10.1875,10.4375,224900,10.4375
2000-10-10,11.75,12.00,10.625,10.8125,119100,10.8125
2000-10-09,11.625,12.125,11.1875,12.00,213700,12.00
2000-10-06,12.125,12.125,11.50,11.6875,286200,11.6875
2000-10-05,12.1875,12.50,11.75,12.0625,199100,12.0625
2000-10-04,11.875,12.50,11.375,12.125,657300,12.125
2000-10-03,11.3125,12.9375,10.875,11.875,361300,11.875
2000-10-02,11.00,11.375,10.625,11.00,169100,11.00
2000-09-29,10.5625,11.00,10.375,10.875,876800,10.875
2000-09-28,10.8125,11.25,10.125,10.375,760300,10.375
2000-09-27,11.75,12.25,10.75,10.75,314500,10.75
2000-09-26,12.65625,12.875,11.375,11.5625,258000,11.5625
2000-09-25,12.6875,13.125,12.3125,12.75,514000,12.75
2000-09-22,12.1875,12.6875,11.625,12.25,477300,12.25
2000-09-21,13.4375,13.75,12.5625,12.8125,443400,12.8125
2000-09-20,13.125,13.6875,12.75,13.3125,827300,13.3125
2000-09-19,12.59375,13.125,12.125,13.0625,545700,13.0625
2000-09-18,14.875,15.00,11.375,12.00,835300,12.00
2000-09-15,15.875,16.125,14.875,14.875,189200,14.875
2000-09-14,17.00,17.03125,15.75,15.875,97800,15.875
2000-09-13,16.125,17.125,16.0625,16.6875,91700,16.6875
2000-09-12,16.50,17.00,16.50,16.625,291700,16.625
2000-09-11,15.75,16.50,15.75,16.50,596800,16.50
2000-09-08,16.0625,16.125,15.50,15.50,833300,15.50
2000-09-07,16.875,17.1875,15.50,16.25,729400,16.25
2000-09-06,17.125,17.3125,16.875,16.9375,492400,16.9375
2000-09-05,17.50,17.625,17.1875,17.375,155300,17.375
2000-09-01,17.25,17.50,16.875,17.50,136200,17.50
2000-08-31,17.375,17.50,16.875,17.00,130100,17.00
2000-08-30,17.125,17.375,16.6875,17.375,769000,17.375
2000-08-29,17.5625,17.625,17.125,17.25,238600,17.25
2000-08-28,17.50,17.9375,17.4375,17.625,467700,17.625
2000-08-25,17.3125,17.9375,17.1875,17.6875,98500,17.6875
2000-08-24,16.875,17.9375,16.875,17.4375,332500,17.4375
2000-08-23,16.75,17.375,16.50,17.00,337700,17.00
2000-08-22,16.25,17.25,16.25,16.75,645100,16.75
2000-08-21,17.1875,17.25,16.25,16.25,702000,16.25
2000-08-18,17.00,17.625,16.875,17.00,541600,17.00
2000-08-17,16.9375,17.25,16.375,16.875,288700,16.875
2000-08-16,17.50,17.625,16.8125,17.125,258600,17.125
2000-08-15,17.5625,18.50,17.25,17.25,406900,17.25
2000-08-14,17.28125,17.625,16.875,17.00,200200,17.00
2000-08-11,17.25,17.50,16.25,17.25,646400,17.25
2000-08-10,20.21875,20.3125,16.50,17.25,825300,17.25
2000-08-09,20.6875,20.75,19.625,20.00,6045100,20.00
2000-08-08,20.75,20.875,20.50,20.6875,267600,20.6875
2000-08-07,20.75,21.125,20.75,20.875,189600,20.875
2000-08-04,20.75,21.25,20.25,20.75,126300,20.75
2000-08-03,20.8125,20.875,20.125,20.4375,755700,20.4375
2000-08-02,21.25,22.00,21.00,21.75,312900,21.75
2000-08-01,21.75,21.875,21.00,21.625,397800,21.625
2000-07-31,20.00,22.25,20.00,22.125,678800,22.125
2000-07-28,20.00,20.25,19.375,20.00,1541400,20.00
2000-07-27,21.0625,21.15625,20.00,20.00,1171200,20.00
2000-07-26,20.50,21.1875,20.25,21.1875,1511700,21.1875
2000-07-25,20.6875,21.1875,20.484381,21.125,1118200,21.125
2000-07-24,20.375,21.125,20.125,20.75,352200,20.75
2000-07-21,21.6875,22.00,19.75,20.50,618600,20.50
2000-07-20,20.9375,21.75,20.25,21.00,196300,21.00
2000-07-19,21.875,21.875,20.125,20.25,335500,20.25
2000-07-18,22.00,22.0625,21.6875,21.9375,306900,21.9375
2000-07-17,22.00,22.375,21.6875,22.00,787900,22.00
2000-07-14,22.1875,22.1875,20.25,21.5625,586000,21.5625
2000-07-13,21.875,22.125,19.75,20.50,649500,20.50
2000-07-12,22.0625,22.0625,21.50,21.9375,217700,21.9375
2000-07-11,21.625,23.25,21.00,22.00,1450100,22.00
2000-07-10,21.75,24.6875,21.50,21.75,1233200,21.75
2000-07-07,21.875,22.75,21.375,21.8125,1265000,21.8125
2000-07-06,21.5625,22.00,20.00,21.8125,382000,21.8125
2000-07-05,22.4375,22.50,20.75,21.5625,644700,21.5625
2000-07-03,22.875,23.125,22.00,22.75,156400,22.75
2000-06-30,22.375,24.375,21.75,21.875,851400,21.875
2000-06-29,23.125,23.9375,22.50,23.0625,308700,23.0625
2000-06-28,23.00,24.00,22.50,23.4375,322500,23.4375
2000-06-27,23.625,23.75,22.375,22.9375,432100,22.9375
2000-06-26,23.875,26.8125,23.00,23.625,473000,23.625
2000-06-23,22.8125,26.50,21.00,23.625,737900,23.625
2000-06-22,24.625,24.75,22.25,22.50,1281100,22.50
2000-06-21,21.875,23.375,21.75,22.6875,488400,22.6875
2000-06-20,21.375,22.50,21.3125,21.875,714400,21.875
2000-06-19,21.5625,22.125,20.50,21.25,358700,21.25
2000-06-16,22.96875,23.00,20.8125,21.0625,1229000,21.0625
2000-06-15,22.625,23.25,21.75,23.00,323500,23.00
2000-06-14,23.15625,23.3125,22.875,22.9375,172600,22.9375
2000-06-13,23.5625,24.00,21.875,23.4375,300500,23.4375
2000-06-12,23.75,24.25,23.625,24.0625,665000,24.0625
2000-06-09,22.8125,23.875,22.625,23.25,428200,23.25
2000-06-08,22.25,23.75,22.00,22.625,476800,22.625
2000-06-07,23.1875,23.50,21.875,22.25,299900,22.25
2000-06-06,22.75,24.625,22.125,23.125,735300,23.125
2000-06-05,22.75,23.00,21.0625,22.875,615800,22.875
2000-06-02,20.6875,23.25,20.3125,23.00,1646900,23.00
2000-06-01,19.59375,20.75,19.5625,20.125,1126000,20.125
2000-05-31,20.6875,20.875,19.125,19.3125,1091600,19.3125
2000-05-30,18.00,20.625,18.00,20.00,446000,20.00
2000-05-26,18.1875,18.75,17.875,18.00,367000,18.00
2000-05-25,19.75,20.3125,18.00,18.1875,1078300,18.1875
2000-05-24,19.9375,20.25,19.125,19.50,845700,19.50
2000-05-23,20.875,21.25,19.625,19.875,1311500,19.875
2000-05-22,23.125,23.125,19.75,20.00,1056700,20.00
2000-05-19,23.25,24.50,21.50,22.75,1248800,22.75
2000-05-18,21.875,24.3125,21.8125,24.00,1856900,24.00
2000-05-17,21.625,22.75,21.375,21.875,861300,21.875
2000-05-16,21.8125,22.5625,21.375,22.25,646100,22.25
2000-05-15,21.6875,22.25,20.1875,21.6875,800900,21.6875
2000-05-12,20.625,23.00,20.125,21.375,1807800,21.375
2000-05-11,19.875,20.25,19.50,20.00,1602200,20.00
2000-05-10,20.375,20.4375,17.8125,19.375,1240300,19.375
2000-05-09,20.625,21.125,19.75,20.1875,1221300,20.1875
2000-05-08,20.4375,21.0625,20.0625,20.25,750000,20.25
2000-05-05,20.75,22.00,20.50,20.875,1164400,20.875
2000-05-04,23.5625,23.625,20.50,21.125,1235300,21.125
2000-05-03,23.6875,23.75,21.3125,22.50,1734900,22.50
2000-05-02,24.875,25.0625,22.375,24.00,2051300,24.00
