Date,Open,High,Low,Close,Volume,Adj Close
2016-06-10,0.58,0.64,0.58,0.60,49800,0.60
2016-06-09,0.60,0.60,0.58,0.59,50400,0.59
2016-06-08,0.60,0.71,0.60,0.65,20300,0.65
2016-06-07,0.59,0.68,0.58,0.60,41700,0.60
2016-06-06,0.61,0.61,0.58,0.59,29700,0.59
2016-06-03,0.68,0.71,0.57,0.63,61800,0.63
2016-06-02,0.71,0.76,0.64,0.64,81600,0.64
2016-06-01,0.72,0.76,0.72,0.73,6800,0.73
2016-05-31,0.68,0.75,0.68,0.74,24300,0.74
2016-05-27,0.67,0.71,0.67,0.68,3200,0.68
2016-05-26,0.71,0.73,0.67,0.71,14800,0.71
2016-05-25,0.75,0.77,0.69,0.69,36100,0.69
2016-05-24,0.80,0.82,0.75,0.78,37500,0.78
2016-05-23,0.80,0.80,0.67,0.76,76900,0.76
2016-05-20,0.66,0.80,0.66,0.78,263100,0.78
2016-05-19,0.66,0.68,0.66,0.67,8200,0.67
2016-05-18,0.66,0.68,0.63,0.64,23700,0.64
2016-05-17,0.68,0.68,0.64,0.68,16300,0.68
2016-05-16,0.65,0.68,0.65,0.68,38600,0.68
2016-05-13,0.63,0.68,0.61,0.63,4000,0.63
2016-05-12,0.67,0.68,0.65,0.65,12000,0.65
2016-05-11,0.67,0.68,0.66,0.67,43000,0.67
2016-05-10,0.67,0.67,0.65,0.67,14800,0.67
2016-05-09,0.67,0.68,0.65,0.66,10400,0.66
2016-05-06,0.66,0.68,0.65,0.67,17300,0.67
2016-05-05,0.67,0.68,0.64,0.65,16200,0.65
2016-05-04,0.68,0.68,0.65,0.66,31100,0.66
2016-05-03,0.65,0.75,0.65,0.67,56400,0.67
2016-05-02,0.75,0.78,0.63,0.65,183100,0.65
2016-04-29,0.75,0.78,0.71,0.71,36300,0.71
2016-04-28,0.78,0.78,0.71,0.75,12600,0.75
2016-04-27,0.76,0.78,0.71,0.75,28600,0.75
2016-04-26,0.72,0.76,0.70,0.76,31200,0.76
2016-04-25,0.77,0.78,0.70,0.72,84100,0.72
2016-04-22,0.75,0.78,0.70,0.70,37800,0.70
2016-04-21,0.70,0.76,0.68,0.73,60700,0.73
2016-04-20,0.70,0.70,0.68,0.69,39300,0.69
2016-04-19,0.74,0.75,0.67,0.70,22900,0.70
2016-04-18,0.72,0.76,0.67,0.71,32800,0.71
2016-04-15,0.78,0.78,0.74,0.74,46600,0.74
2016-04-14,0.77,0.78,0.75,0.77,18000,0.77
2016-04-13,0.78,0.78,0.75,0.76,29200,0.76
2016-04-12,0.78,0.78,0.75,0.78,64900,0.78
2016-04-11,0.77,0.78,0.75,0.75,37300,0.75
2016-04-08,0.76,0.78,0.75,0.75,54600,0.75
2016-04-07,0.75,0.80,0.75,0.76,73200,0.76
2016-04-06,0.80,0.90,0.71,0.71,122000,0.71
2016-04-05,0.87,0.87,0.78,0.78,20900,0.78
2016-04-04,0.72,0.97,0.72,0.84,194100,0.84
2016-04-01,0.85,0.85,0.77,0.77,50800,0.77
2016-03-31,0.83,0.90,0.82,0.84,22200,0.84
2016-03-30,0.90,1.00,0.88,0.89,28200,0.89
2016-03-29,1.06,1.06,0.83,0.92,31700,0.92
2016-03-28,0.99,1.02,0.85,0.85,73700,0.85
2016-03-24,0.99,1.02,0.97,1.02,49400,1.02
2016-03-23,0.96,1.07,0.96,0.96,13200,0.96
2016-03-22,1.03,1.10,0.99,0.99,36500,0.99
2016-03-21,0.96,1.13,0.95,1.03,65800,1.03
2016-03-18,0.95,0.96,0.86,0.96,37400,0.96
2016-03-17,0.95,0.95,0.85,0.95,33700,0.95
2016-03-16,0.91,0.95,0.84,0.93,53800,0.93
2016-03-15,0.95,0.99,0.83,0.83,61300,0.83
2016-03-14,0.87,0.92,0.83,0.90,76400,0.90
2016-03-11,0.84,0.91,0.82,0.85,40000,0.85
2016-03-10,0.79,0.83,0.79,0.82,48500,0.82
2016-03-09,0.77,0.85,0.74,0.75,62300,0.75
2016-03-08,0.73,0.92,0.73,0.74,131700,0.74
2016-03-07,0.70,0.86,0.63,0.69,189200,0.69
2016-03-04,0.59,0.70,0.59,0.69,157700,0.69
2016-03-03,0.70,0.70,0.56,0.64,433000,0.64
2016-03-02,0.77,0.86,0.75,0.82,140800,0.82
2016-03-01,0.73,0.77,0.73,0.77,47900,0.77
2016-02-29,0.78,0.82,0.73,0.73,77800,0.73
2016-02-26,0.78,0.80,0.73,0.73,52700,0.73
2016-02-25,0.72,0.81,0.72,0.81,30200,0.81
2016-02-24,0.69,0.78,0.69,0.71,44500,0.71
2016-02-23,0.72,0.81,0.65,0.70,129700,0.70
2016-02-22,0.80,0.81,0.62,0.69,391100,0.69
2016-02-19,0.90,0.90,0.80,0.81,80100,0.81
2016-02-18,0.86,0.91,0.86,0.89,14600,0.89
2016-02-17,0.92,0.93,0.86,0.92,98500,0.92
2016-02-16,0.95,1.00,0.90,0.92,37300,0.92
2016-02-12,0.96,0.97,0.93,0.96,47800,0.96
2016-02-11,0.96,1.00,0.95,0.97,8100,0.97
2016-02-10,1.00,1.00,0.98,0.98,20500,0.98
2016-02-09,1.10,1.12,0.99,1.00,34600,1.00
2016-02-08,1.15,1.17,1.00,1.01,49400,1.01
2016-02-05,1.10,1.17,1.03,1.11,50600,1.11
2016-02-04,1.05,1.09,1.00,1.09,32500,1.09
2016-02-03,1.09,1.09,0.95,1.01,51500,1.01
2016-02-02,1.01,1.15,0.99,1.04,114400,1.04
2016-02-01,1.09,1.09,1.02,1.06,21100,1.06
2016-01-29,1.05,1.19,1.05,1.08,146300,1.08
2016-01-28,1.15,1.15,0.99,0.99,69400,0.99
2016-01-27,1.17,1.17,1.12,1.13,58600,1.13
2016-01-26,1.15,1.20,1.13,1.13,53800,1.13
2016-01-25,1.19,1.21,1.10,1.16,65200,1.16
2016-01-22,1.16,1.24,1.13,1.14,56600,1.14
2016-01-21,1.03,1.30,1.00,1.14,173600,1.14
2016-01-20,1.06,1.11,1.00,1.02,91200,1.02
2016-01-19,1.06,1.12,1.05,1.09,114800,1.09
2016-01-15,1.09,1.09,1.00,1.04,71000,1.04
2016-01-14,1.02,1.07,0.91,1.06,127200,1.06
2016-01-13,1.09,1.16,1.00,1.01,56900,1.01
2016-01-12,1.07,1.11,1.05,1.08,39700,1.08
2016-01-11,1.24,1.24,1.07,1.07,82300,1.07
2016-01-08,1.25,1.30,1.20,1.24,50100,1.24
2016-01-07,1.24,1.25,1.16,1.22,55700,1.22
2016-01-06,1.30,1.30,1.25,1.25,27000,1.25
2016-01-05,1.28,1.33,1.27,1.29,18700,1.29
2016-01-04,1.36,1.38,1.26,1.31,36400,1.31
2015-12-31,1.31,1.37,1.26,1.35,153700,1.35
2015-12-30,1.28,1.38,1.22,1.33,222800,1.33
2015-12-29,1.31,1.39,1.25,1.26,64000,1.26
2015-12-28,1.42,1.47,1.25,1.28,148900,1.28
2015-12-24,1.46,1.52,1.40,1.42,65500,1.42
2015-12-23,1.25,1.58,1.24,1.49,349700,1.49
2015-12-22,1.30,1.33,1.20,1.20,134700,1.20
2015-12-21,1.27,1.33,1.26,1.30,234200,1.30
2015-12-18,1.26,1.33,1.21,1.28,131000,1.28
2015-12-17,1.34,1.34,1.06,1.28,153500,1.28
2015-12-16,1.33,1.40,1.31,1.35,134800,1.35
2015-12-15,1.45,1.52,1.32,1.35,207500,1.35
2015-12-14,1.51,1.55,1.35,1.46,77500,1.46
2015-12-11,1.53,1.58,1.52,1.53,84500,1.53
2015-12-10,1.47,1.58,1.45,1.55,99000,1.55
2015-12-09,1.75,1.78,1.46,1.48,208300,1.48
2015-12-08,1.43,1.54,1.30,1.53,195400,1.53
2015-12-07,1.51,1.58,1.41,1.47,167900,1.47
2015-12-04,1.72,1.76,1.60,1.62,129900,1.62
2015-12-03,1.70,1.75,1.65,1.75,63000,1.75
2015-12-02,1.76,1.87,1.60,1.72,568300,1.72
2015-12-01,1.75,1.87,1.66,1.80,295300,1.80
2015-11-30,1.88,1.90,1.80,1.86,86900,1.86
2015-11-27,1.85,1.90,1.73,1.90,51700,1.90
2015-11-25,1.69,1.86,1.69,1.85,150000,1.85
2015-11-24,1.75,1.76,1.69,1.72,82300,1.72
2015-11-23,1.80,1.83,1.65,1.74,171900,1.74
2015-11-20,1.83,1.84,1.75,1.83,93000,1.83
2015-11-19,1.80,1.83,1.75,1.79,100900,1.79
2015-11-18,2.00,2.00,1.80,1.81,112500,1.81
2015-11-17,2.02,2.08,1.84,1.94,134200,1.94
2015-11-16,2.03,2.08,2.00,2.04,23400,2.04
2015-11-13,2.09,2.10,2.00,2.06,60900,2.06
2015-11-12,2.11,2.18,2.10,2.13,35800,2.13
2015-11-11,2.20,2.21,2.10,2.12,78500,2.12
2015-11-10,2.20,2.21,2.13,2.20,51500,2.20
2015-11-09,2.20,2.27,2.12,2.23,67700,2.23
2015-11-06,2.21,2.22,2.10,2.18,114200,2.18
2015-11-05,2.35,2.38,2.15,2.24,90900,2.24
2015-11-04,2.45,2.46,2.36,2.38,38300,2.38
2015-11-03,2.31,2.51,2.31,2.42,95000,2.42
2015-11-02,2.55,2.55,2.32,2.41,87600,2.41
2015-10-30,2.51,2.54,2.42,2.52,45000,2.52
2015-10-29,2.62,2.73,2.44,2.50,114300,2.50
2015-10-28,2.63,2.65,2.56,2.61,45700,2.61
2015-10-27,2.62,2.65,2.56,2.62,74200,2.62
2015-10-26,2.60,2.64,2.50,2.59,26200,2.59
2015-10-23,2.68,2.68,2.53,2.59,43400,2.59
2015-10-22,2.64,2.65,2.55,2.59,20300,2.59
2015-10-21,2.65,2.66,2.53,2.58,35200,2.58
2015-10-20,2.59,2.68,2.58,2.61,40200,2.61
2015-10-19,2.58,2.64,2.53,2.54,26800,2.54
2015-10-16,2.56,2.62,2.49,2.57,31900,2.57
2015-10-15,2.60,2.65,2.52,2.60,40700,2.60
2015-10-14,2.57,2.73,2.53,2.56,23100,2.56
2015-10-13,2.53,2.69,2.53,2.59,20200,2.59
2015-10-12,2.66,2.67,2.51,2.64,17400,2.64
2015-10-09,2.60,2.70,2.53,2.67,53800,2.67
2015-10-08,2.40,2.63,2.34,2.59,73400,2.59
2015-10-07,2.30,2.40,2.25,2.38,13500,2.38
2015-10-06,2.38,2.42,2.29,2.30,24600,2.30
2015-10-05,2.41,2.56,2.33,2.37,43800,2.37
2015-10-02,2.27,2.40,2.13,2.35,36700,2.35
2015-10-01,2.25,2.34,2.05,2.29,44700,2.29
2015-09-30,2.18,2.20,2.00,2.20,412000,2.20
2015-09-29,2.42,2.42,2.10,2.12,106100,2.12
2015-09-28,2.50,2.59,2.30,2.40,88900,2.40
2015-09-25,2.57,2.82,2.49,2.52,111300,2.52
2015-09-24,2.66,2.66,2.51,2.54,45800,2.54
2015-09-23,2.68,2.70,2.62,2.67,24500,2.67
2015-09-22,2.72,2.78,2.60,2.65,32000,2.65
2015-09-21,2.95,2.95,2.73,2.75,48600,2.75
2015-09-18,3.08,3.13,2.90,2.90,95500,2.90
2015-09-17,2.98,3.19,2.95,3.12,41300,3.12
2015-09-16,2.95,3.00,2.93,3.00,23900,3.00
2015-09-15,2.74,3.00,2.74,2.98,44700,2.98
2015-09-14,2.70,2.82,2.62,2.82,32200,2.82
2015-09-11,2.52,2.69,2.52,2.67,49300,2.67
2015-09-10,2.70,2.76,2.53,2.59,48200,2.59
2015-09-09,2.85,2.86,2.67,2.67,38800,2.67
2015-09-08,2.76,2.89,2.75,2.83,25800,2.83
2015-09-04,2.85,2.87,2.70,2.72,39300,2.72
2015-09-03,3.00,3.00,2.82,2.88,37400,2.88
2015-09-02,3.09,3.09,2.94,2.99,67200,2.99
2015-09-01,2.95,3.25,2.89,3.09,145600,3.09
2015-08-31,2.80,3.57,2.80,3.00,403900,3.00
2015-08-28,2.70,2.91,2.70,2.86,66400,2.86
2015-08-27,2.65,2.75,2.56,2.66,47800,2.66
2015-08-26,2.57,2.70,2.56,2.62,15900,2.62
2015-08-25,2.65,2.78,2.55,2.56,49500,2.56
2015-08-24,2.26,2.77,1.99,2.62,129600,2.62
2015-08-21,2.52,2.66,2.52,2.58,26900,2.58
2015-08-20,2.76,2.85,2.58,2.60,54100,2.60
2015-08-19,2.85,2.87,2.73,2.77,15800,2.77
2015-08-18,2.92,2.95,2.85,2.85,20400,2.85
2015-08-17,2.74,2.97,2.74,2.91,53000,2.91
2015-08-14,2.84,2.90,2.74,2.74,29700,2.74
2015-08-13,2.92,2.95,2.76,2.83,59700,2.83
2015-08-12,2.97,3.10,2.75,2.93,63600,2.93
2015-08-11,2.52,2.97,2.48,2.93,136100,2.93
2015-08-10,2.70,2.71,2.37,2.61,148400,2.61
2015-08-07,2.71,2.82,2.50,2.73,91200,2.73
2015-08-06,2.91,2.94,2.55,2.67,211600,2.67
2015-08-05,3.03,3.10,2.93,2.99,58000,2.99
2015-08-04,3.07,3.10,2.83,2.91,66500,2.91
2015-08-03,3.10,3.48,2.97,2.97,62000,2.97
2015-07-31,3.07,3.17,3.06,3.11,27600,3.11
2015-07-30,3.12,3.13,3.00,3.00,27000,3.00
2015-07-29,3.05,3.21,3.05,3.10,26100,3.10
2015-07-28,3.08,3.10,3.00,3.02,36200,3.02
2015-07-27,3.12,3.20,2.41,3.02,226700,3.02
2015-07-24,3.12,3.26,3.05,3.11,31900,3.11
2015-07-23,3.28,3.32,3.12,3.12,115700,3.12
2015-07-22,3.16,3.27,3.15,3.19,80700,3.19
2015-07-21,3.36,3.40,3.15,3.15,163900,3.15
2015-07-20,3.40,3.46,3.27,3.29,40200,3.29
2015-07-17,3.45,3.50,3.33,3.40,42600,3.40
2015-07-16,3.34,3.50,3.29,3.41,37100,3.41
2015-07-15,3.38,3.43,3.35,3.36,33500,3.36
2015-07-14,3.39,3.46,3.27,3.35,59500,3.35
2015-07-13,3.45,3.50,3.38,3.38,59700,3.38
2015-07-10,3.23,3.47,3.23,3.40,93300,3.40
2015-07-09,3.23,3.33,3.20,3.25,52800,3.25
2015-07-08,3.20,3.31,3.11,3.20,100100,3.20
2015-07-07,3.45,3.47,3.12,3.17,81900,3.17
2015-07-06,3.35,3.50,3.30,3.37,51900,3.37
2015-07-02,3.30,3.47,3.30,3.39,43200,3.39
2015-07-01,3.45,3.51,3.28,3.29,84600,3.29
2015-06-30,3.36,3.53,3.22,3.45,93700,3.45
2015-06-29,3.64,3.67,3.32,3.32,442200,3.32
2015-06-26,4.07,4.07,3.56,3.68,463700,3.68
2015-06-25,4.30,4.35,4.26,4.26,52700,4.26
2015-06-24,4.18,4.35,4.18,4.23,40700,4.23
2015-06-23,4.26,4.32,4.13,4.21,21300,4.21
2015-06-22,4.23,4.35,4.07,4.25,60800,4.25
2015-06-19,4.25,4.35,4.14,4.25,50200,4.25
2015-06-18,4.10,4.26,4.10,4.23,57300,4.23
2015-06-17,4.05,4.28,4.05,4.09,83900,4.09
2015-06-16,3.98,4.10,3.98,4.03,40900,4.03
2015-06-15,4.06,4.12,3.98,4.00,48400,4.00
2015-06-12,4.03,4.10,4.00,4.05,27300,4.05
2015-06-11,4.05,4.20,4.01,4.06,72400,4.06
2015-06-10,4.03,4.19,4.03,4.04,54100,4.04
2015-06-09,4.20,4.23,4.02,4.10,84200,4.10
2015-06-08,4.26,4.37,4.20,4.21,60800,4.21
2015-06-05,4.25,4.38,4.21,4.30,48900,4.30
2015-06-04,4.29,4.38,4.22,4.28,37300,4.28
2015-06-03,4.32,4.43,4.21,4.32,56400,4.32
2015-06-02,4.34,4.36,4.28,4.33,46200,4.33
2015-06-01,4.35,4.41,4.22,4.38,42400,4.38
2015-05-29,4.31,4.45,4.31,4.37,59400,4.37
2015-05-28,4.24,4.37,4.18,4.26,47000,4.26
2015-05-27,4.24,4.26,4.10,4.18,44700,4.18
2015-05-26,4.45,4.45,4.04,4.12,190800,4.12
2015-05-22,4.31,4.41,4.23,4.28,72200,4.28
2015-05-21,4.19,4.36,4.17,4.29,58700,4.29
2015-05-20,4.32,4.32,4.17,4.19,73200,4.19
2015-05-19,4.29,4.40,4.25,4.32,155600,4.32
2015-05-18,4.33,4.39,4.23,4.28,44300,4.28
2015-05-15,4.25,4.33,4.24,4.29,20500,4.29
2015-05-14,4.09,4.30,4.05,4.22,62900,4.22
2015-05-13,3.95,4.15,3.95,4.09,27500,4.09
2015-05-12,4.05,4.05,3.95,3.95,104400,3.95
2015-05-11,4.05,4.18,3.98,4.11,46300,4.11
2015-05-08,4.12,4.22,3.99,3.99,98100,3.99
2015-05-07,4.22,4.22,4.09,4.16,27400,4.16
2015-05-06,4.20,4.27,4.11,4.15,47800,4.15
2015-05-05,4.06,4.29,4.00,4.13,120300,4.13
2015-05-04,4.33,4.40,4.23,4.30,51900,4.30
2015-05-01,4.50,4.54,4.25,4.28,105800,4.28
2015-04-30,4.49,4.49,4.32,4.41,80100,4.41
2015-04-29,4.48,4.51,4.42,4.48,37400,4.48
2015-04-28,4.33,4.52,4.33,4.51,95700,4.51
2015-04-27,4.31,4.50,4.31,4.40,105500,4.40
2015-04-24,4.37,4.45,4.33,4.33,42400,4.33
2015-04-23,4.21,4.47,4.21,4.36,134500,4.36
2015-04-22,4.12,4.26,4.10,4.18,86600,4.18
2015-04-21,4.25,4.25,4.10,4.14,167100,4.14
2015-04-20,4.50,4.60,4.22,4.26,272700,4.26
2015-04-17,4.96,4.96,4.46,4.50,336400,4.50
2015-04-16,4.75,4.89,4.19,4.80,357800,4.80
2015-04-15,4.88,4.92,4.77,4.78,131800,4.78
2015-04-14,4.66,4.95,4.64,4.84,175400,4.84
2015-04-13,4.65,4.73,4.59,4.68,82400,4.68
2015-04-10,4.64,4.82,4.59,4.62,100800,4.62
2015-04-09,4.55,4.78,4.51,4.62,65600,4.62
2015-04-08,4.71,4.78,4.51,4.57,93400,4.57
2015-04-07,4.41,4.70,4.41,4.67,148600,4.67
2015-04-06,4.23,4.48,4.22,4.44,121700,4.44
2015-04-02,4.25,4.28,4.18,4.23,99700,4.23
2015-04-01,4.23,4.28,4.19,4.26,87400,4.26
2015-03-31,4.15,4.29,4.15,4.24,171600,4.24
2015-03-30,4.18,4.18,4.11,4.16,54800,4.16
2015-03-27,4.12,4.20,4.07,4.18,98900,4.18
2015-03-26,3.99,4.13,3.96,4.13,106900,4.13
2015-03-25,4.12,4.14,3.95,3.99,139000,3.99
2015-03-24,4.00,4.14,4.00,4.13,70500,4.13
2015-03-23,4.00,4.05,3.95,4.05,108800,4.05
2015-03-20,4.16,4.16,4.00,4.00,143200,4.00
2015-03-19,4.10,4.22,4.00,4.08,408500,4.08
2015-03-18,4.00,4.24,3.96,4.11,203500,4.11
2015-03-17,4.33,4.37,3.90,3.97,785200,3.97
2015-03-16,4.19,4.25,4.02,4.12,288800,4.12
2015-03-13,4.10,4.21,3.88,4.17,353500,4.17
2015-03-12,4.26,4.28,4.01,4.09,186600,4.09
2015-03-11,4.05,4.29,4.00,4.23,354100,4.23
2015-03-10,3.97,4.06,3.89,4.03,310600,4.03
2015-03-09,4.03,4.03,3.80,3.90,433800,3.90
2015-03-06,3.90,4.15,3.80,4.03,2910400,4.03
2015-03-05,5.30,5.59,5.17,5.35,337800,5.35
2015-03-04,5.31,5.53,5.04,5.28,521200,5.28
2015-03-03,5.45,5.54,5.17,5.34,579700,5.34
2015-03-02,5.97,6.25,5.52,5.58,575800,5.58
2015-02-27,5.67,5.98,5.42,5.75,1216900,5.75
2015-02-26,5.83,5.84,5.43,5.59,426800,5.59
2015-02-25,6.75,6.90,5.75,5.77,2914800,5.77
2015-02-24,5.36,5.43,5.33,5.41,100700,5.41
2015-02-23,5.25,5.44,5.25,5.36,132800,5.36
2015-02-20,5.30,5.30,5.16,5.25,77400,5.25
2015-02-19,5.30,5.31,5.15,5.25,87200,5.25
2015-02-18,5.21,5.29,5.10,5.28,43100,5.28
2015-02-17,5.30,5.40,5.15,5.21,80400,5.21
2015-02-13,5.32,5.41,5.12,5.26,35400,5.26
2015-02-12,5.39,5.45,5.21,5.28,98200,5.28
2015-02-11,5.35,5.38,5.28,5.36,31400,5.36
2015-02-10,5.28,5.51,5.16,5.33,109100,5.33
2015-02-09,5.15,5.48,5.07,5.23,157500,5.23
2015-02-06,5.18,5.30,4.95,5.11,99800,5.11
2015-02-05,5.03,5.40,5.03,5.15,228400,5.15
2015-02-04,4.97,5.05,4.95,4.98,47400,4.98
2015-02-03,5.01,5.05,4.91,5.02,38000,5.02
2015-02-02,4.99,5.06,4.80,5.00,39100,5.00
2015-01-30,4.97,5.10,4.95,4.98,34200,4.98
2015-01-29,4.92,5.10,4.92,5.00,21000,5.00
2015-01-28,5.00,5.12,4.90,4.94,80800,4.94
2015-01-27,5.03,5.22,4.93,4.97,63200,4.97
2015-01-26,4.98,5.34,4.86,5.05,93200,5.05
2015-01-23,4.86,4.95,4.82,4.88,16200,4.88
2015-01-22,4.80,4.96,4.74,4.89,32700,4.89
2015-01-21,5.01,5.01,4.79,4.80,25100,4.80
2015-01-20,4.98,5.06,4.86,4.99,60700,4.99
2015-01-16,5.10,5.34,4.89,4.95,130100,4.95
2015-01-15,5.25,5.37,5.07,5.17,102800,5.17
2015-01-14,5.48,5.48,5.00,5.25,53500,5.25
2015-01-13,5.47,5.71,5.22,5.33,143900,5.33
2015-01-12,4.75,5.64,4.66,5.38,287800,5.38
2015-01-09,4.65,4.79,4.62,4.73,72500,4.73
2015-01-08,4.64,4.87,4.64,4.65,83000,4.65
2015-01-07,4.49,4.61,4.43,4.56,60400,4.56
2015-01-06,4.40,4.55,4.33,4.42,42400,4.42
2015-01-05,4.30,4.56,4.30,4.48,69300,4.48
2015-01-02,4.31,4.40,4.15,4.29,66300,4.29
2014-12-31,4.00,4.26,4.00,4.24,108000,4.24
2014-12-30,4.04,4.20,4.00,4.12,82000,4.12
2014-12-29,4.12,4.22,3.94,4.10,86200,4.10
2014-12-26,4.03,4.23,3.91,4.14,63900,4.14
2014-12-24,3.85,4.10,3.80,4.04,34200,4.04
2014-12-23,4.07,4.11,3.81,3.85,127700,3.85
2014-12-22,3.75,4.10,3.75,4.01,173900,4.01
2014-12-19,3.58,3.93,3.51,3.63,166500,3.63
2014-12-18,3.57,3.62,3.51,3.58,117800,3.58
2014-12-17,3.65,3.81,3.49,3.56,229400,3.56
2014-12-16,3.82,3.83,3.61,3.65,147100,3.65
2014-12-15,4.10,4.10,3.78,3.82,139600,3.82
2014-12-12,4.05,4.17,4.05,4.10,54500,4.10
2014-12-11,4.20,4.23,4.00,4.09,163100,4.09
2014-12-10,4.29,4.30,4.25,4.26,36900,4.26
2014-12-09,4.25,4.33,4.25,4.29,19700,4.29
2014-12-08,4.25,4.44,4.25,4.32,43000,4.32
2014-12-05,4.33,4.37,4.25,4.29,66300,4.29
2014-12-04,4.36,4.40,4.35,4.37,68200,4.37
2014-12-03,4.37,4.46,4.36,4.36,26900,4.36
2014-12-02,4.45,4.49,4.35,4.39,109300,4.39
2014-12-01,4.56,4.60,4.50,4.52,58000,4.52
2014-11-28,4.50,4.60,4.50,4.55,11300,4.55
2014-11-26,4.66,4.66,4.50,4.51,82000,4.51
2014-11-25,4.62,4.67,4.55,4.56,45600,4.56
2014-11-24,4.60,4.74,4.55,4.60,49400,4.60
2014-11-21,4.72,4.73,4.62,4.63,34400,4.63
2014-11-20,4.52,4.80,4.52,4.70,67400,4.70
2014-11-19,4.70,4.70,4.50,4.50,83600,4.50
2014-11-18,4.80,4.85,4.70,4.72,70800,4.72
2014-11-17,4.92,4.97,4.76,4.81,28900,4.81
2014-11-14,4.95,5.00,4.89,4.97,50900,4.97
2014-11-13,4.93,4.99,4.90,4.98,29600,4.98
2014-11-12,4.93,5.05,4.90,4.90,26000,4.90
2014-11-11,5.02,5.04,4.90,4.98,36300,4.98
2014-11-10,4.67,5.02,4.67,4.99,63800,4.99
2014-11-07,4.75,4.90,4.65,4.65,125100,4.65
2014-11-06,4.80,4.98,4.75,4.75,59200,4.75
2014-11-05,4.86,5.10,4.75,4.77,87400,4.77
2014-11-04,5.00,5.01,4.85,4.88,86900,4.88
2014-11-03,4.85,5.24,4.85,5.00,142900,5.00
2014-10-31,5.00,5.07,4.75,4.85,218700,4.85
2014-10-30,6.00,6.20,4.88,4.88,577100,4.88
2014-10-29,5.59,5.95,5.48,5.88,170500,5.88
2014-10-28,5.57,5.58,5.43,5.50,55700,5.50
2014-10-27,5.32,5.55,5.30,5.47,72700,5.47
2014-10-24,5.31,5.45,5.21,5.31,77900,5.31
2014-10-23,5.17,5.53,5.10,5.36,86000,5.36
2014-10-22,5.25,5.38,5.08,5.08,66600,5.08
2014-10-21,5.31,5.49,5.24,5.29,22800,5.29
2014-10-20,5.21,5.33,5.17,5.26,23700,5.26
2014-10-17,5.26,5.38,5.09,5.25,87400,5.25
2014-10-16,4.99,5.48,4.99,5.31,70600,5.31
2014-10-15,5.05,5.19,4.95,5.14,132100,5.14
2014-10-14,5.30,5.30,5.11,5.14,62600,5.14
2014-10-13,5.43,5.50,5.01,5.24,130100,5.24
2014-10-10,5.55,5.56,5.40,5.45,84000,5.45
2014-10-09,5.78,5.85,5.46,5.52,43700,5.52
2014-10-08,5.49,5.80,5.46,5.75,62600,5.75
2014-10-07,5.48,5.64,5.43,5.45,67100,5.45
2014-10-06,5.61,5.72,5.39,5.43,59400,5.43
2014-10-03,5.47,5.64,5.40,5.57,45400,5.57
2014-10-02,5.53,5.60,5.39,5.47,67900,5.47
2014-10-01,5.65,5.73,5.39,5.53,109400,5.53
2014-09-30,5.55,5.74,5.53,5.64,62200,5.64
2014-09-29,5.55,5.57,5.39,5.55,56100,5.55
2014-09-26,5.57,5.65,5.48,5.55,30800,5.55
2014-09-25,5.65,5.69,5.48,5.56,84500,5.56
2014-09-24,5.57,5.66,5.56,5.60,19800,5.60
2014-09-23,5.51,5.64,5.47,5.60,53400,5.60
2014-09-22,5.67,5.74,5.41,5.59,138400,5.59
2014-09-19,6.15,6.22,5.62,5.64,346100,5.64
2014-09-18,6.40,6.44,6.00,6.11,128900,6.11
2014-09-17,6.32,6.50,6.09,6.40,175000,6.40
2014-09-16,6.02,6.54,5.96,6.32,733500,6.32
2014-09-15,6.04,6.20,5.73,5.83,202300,5.83
2014-09-12,6.00,6.24,5.94,6.01,150400,6.01
2014-09-11,5.80,5.99,5.75,5.92,152600,5.92
2014-09-10,5.75,6.03,5.70,5.77,137500,5.77
2014-09-09,5.67,5.84,5.50,5.73,64700,5.73
2014-09-08,5.68,5.80,5.61,5.72,83600,5.72
2014-09-05,5.49,5.72,5.49,5.66,55300,5.66
2014-09-04,5.45,5.63,5.45,5.50,105800,5.50
2014-09-03,5.39,5.45,5.32,5.38,62600,5.38
2014-09-02,5.57,5.62,5.38,5.40,62300,5.40
2014-08-29,5.42,5.62,5.36,5.59,57400,5.59
2014-08-28,5.59,5.61,5.43,5.47,31300,5.47
2014-08-27,5.49,5.60,5.44,5.60,60100,5.60
2014-08-26,5.62,5.62,5.43,5.47,73800,5.47
2014-08-25,5.50,5.68,5.43,5.65,60900,5.65
2014-08-22,5.72,5.72,5.41,5.46,104900,5.46
2014-08-21,5.37,5.78,5.37,5.71,131700,5.71
2014-08-20,5.48,5.52,5.30,5.43,80700,5.43
2014-08-19,5.29,5.67,5.29,5.47,180700,5.47
2014-08-18,5.36,5.41,5.20,5.31,83400,5.31
2014-08-15,5.37,5.46,5.19,5.32,78500,5.32
2014-08-14,5.45,5.54,5.26,5.32,93900,5.32
2014-08-13,5.10,5.50,4.90,5.45,239100,5.45
2014-08-12,4.78,5.55,4.51,5.05,663700,5.05
2014-08-11,4.25,4.48,4.15,4.40,142500,4.40
2014-08-08,4.62,4.66,4.16,4.19,439700,4.19
2014-08-07,4.70,4.70,4.63,4.65,69000,4.65
2014-08-06,4.74,4.82,4.70,4.73,60600,4.73
2014-08-05,4.85,4.85,4.72,4.76,106100,4.76
2014-08-04,4.93,4.93,4.77,4.84,77900,4.84
2014-08-01,4.96,5.00,4.84,4.95,44700,4.95
2014-07-31,5.01,5.05,4.90,4.98,24700,4.98
2014-07-30,5.00,5.05,4.92,5.02,44500,5.02
2014-07-29,5.01,5.09,4.92,4.96,34800,4.96
2014-07-28,5.08,5.09,4.99,5.04,29700,5.04
2014-07-25,5.16,5.17,5.06,5.10,25000,5.10
2014-07-24,4.77,5.21,4.77,5.18,117500,5.18
2014-07-23,4.95,5.02,4.77,4.80,96300,4.80
2014-07-22,4.94,5.01,4.86,4.91,45900,4.91
2014-07-21,4.99,4.99,4.85,4.86,83700,4.86
2014-07-18,4.92,5.05,4.91,4.97,129300,4.97
2014-07-17,4.98,5.18,4.94,4.94,96600,4.94
2014-07-16,5.03,5.15,4.95,4.98,61700,4.98
2014-07-15,5.22,5.24,5.02,5.05,82300,5.05
2014-07-14,5.31,5.34,5.20,5.25,95000,5.25
2014-07-11,5.30,5.33,5.21,5.26,72700,5.26
2014-07-10,5.33,5.37,5.29,5.30,59500,5.30
2014-07-09,5.35,5.44,5.33,5.37,41400,5.37
2014-07-08,5.50,5.50,5.33,5.37,68200,5.37
2014-07-07,5.45,5.93,5.45,5.49,183900,5.49
2014-07-03,5.48,5.48,5.40,5.43,35400,5.43
2014-07-02,5.50,5.73,5.46,5.50,47600,5.50
2014-07-01,5.56,5.64,5.47,5.52,61900,5.52
2014-06-30,6.00,6.00,5.38,5.60,104200,5.60
2014-06-27,5.33,5.47,5.33,5.47,23800,5.47
2014-06-26,5.37,5.50,5.35,5.36,46600,5.36
2014-06-25,5.65,5.65,5.33,5.39,71800,5.39
2014-06-24,5.82,5.82,5.64,5.68,28700,5.68
2014-06-23,5.90,5.91,5.80,5.83,67600,5.83
2014-06-20,5.76,5.83,5.76,5.82,17200,5.82
2014-06-19,5.80,5.84,5.75,5.78,33700,5.78
2014-06-18,5.83,5.85,5.76,5.82,22800,5.82
2014-06-17,5.80,5.84,5.77,5.83,55700,5.83
2014-06-16,5.71,5.84,5.70,5.83,30000,5.83
2014-06-13,5.74,5.79,5.70,5.72,37200,5.72
2014-06-12,5.72,5.88,5.67,5.76,86900,5.76
2014-06-11,5.33,5.86,5.33,5.77,141800,5.77
2014-06-10,5.07,5.38,5.07,5.33,115100,5.33
2014-06-09,4.95,5.03,4.95,5.03,61700,5.03
2014-06-06,5.00,5.06,4.97,5.00,110300,5.00
2014-06-05,5.06,5.13,4.91,4.99,180100,4.99
2014-06-04,5.19,5.21,5.02,5.11,96800,5.11
2014-06-03,5.25,5.29,5.06,5.14,59000,5.14
2014-06-02,5.39,5.39,5.25,5.30,64800,5.30
2014-05-30,5.51,5.60,5.38,5.40,76400,5.40
2014-05-29,5.70,5.79,5.53,5.57,88200,5.57
2014-05-28,5.76,5.81,5.67,5.73,38900,5.73
2014-05-27,5.70,5.82,5.63,5.77,47400,5.77
2014-05-23,5.67,5.83,5.60,5.67,46300,5.67
2014-05-22,5.64,5.84,5.59,5.72,52700,5.72
2014-05-21,5.62,5.75,5.58,5.60,38100,5.60
2014-05-20,5.65,5.65,5.58,5.60,21600,5.60
2014-05-19,5.55,5.75,5.55,5.68,40100,5.68
2014-05-16,5.52,5.64,5.37,5.55,63200,5.55
2014-05-15,5.84,5.87,5.50,5.54,72800,5.54
2014-05-14,5.99,6.00,5.65,5.74,87000,5.74
2014-05-13,6.09,6.09,5.73,5.81,126100,5.81
2014-05-12,5.76,5.89,5.56,5.56,103500,5.56
2014-05-09,5.74,5.82,5.52,5.63,88800,5.63
2014-05-08,5.73,6.10,5.71,5.77,205500,5.77
2014-05-07,6.17,6.17,5.70,5.74,137800,5.74
2014-05-06,6.35,6.38,6.05,6.06,120300,6.06
2014-05-05,5.98,6.49,5.87,6.39,297900,6.39
2014-05-02,6.08,6.20,5.85,5.95,109500,5.95
2014-05-01,5.80,6.24,5.80,6.10,176600,6.10
2014-04-30,5.52,5.92,5.51,5.79,185300,5.79
2014-04-29,5.54,5.59,5.40,5.50,66500,5.50
2014-04-28,5.47,5.62,5.45,5.54,76300,5.54
2014-04-25,5.51,5.57,5.40,5.46,91400,5.46
2014-04-24,5.78,5.80,5.55,5.58,48000,5.58
2014-04-23,5.65,5.79,5.58,5.72,58700,5.72
2014-04-22,5.59,5.65,5.52,5.64,62300,5.64
2014-04-21,5.65,5.76,5.56,5.57,108900,5.57
2014-04-17,5.67,5.67,5.50,5.60,112200,5.60
2014-04-16,5.25,5.88,5.18,5.70,211400,5.70
2014-04-15,5.28,5.28,4.78,5.20,268000,5.20
2014-04-14,5.63,5.78,5.10,5.25,300500,5.25
2014-04-11,5.76,5.81,5.54,5.56,220400,5.56
2014-04-10,6.07,6.07,5.75,5.83,185300,5.83
2014-04-09,5.89,6.10,5.74,6.07,160000,6.07
2014-04-08,5.70,5.98,5.60,5.92,154400,5.92
2014-04-07,6.25,6.25,5.60,5.69,175100,5.69
2014-04-04,5.90,6.06,5.83,5.96,192200,5.96
2014-04-03,5.99,6.38,5.68,5.85,358000,5.85
2014-04-02,5.66,5.96,5.64,5.95,158600,5.95
2014-04-01,5.89,5.91,5.63,5.68,103100,5.68
2014-03-31,5.71,5.92,5.61,5.84,183100,5.84
2014-03-28,5.70,6.09,5.45,5.60,275100,5.60
2014-03-27,5.74,5.84,5.60,5.70,123900,5.70
2014-03-26,6.00,6.10,5.71,5.76,227800,5.76
2014-03-25,5.76,6.00,5.71,6.00,271100,6.00
2014-03-24,6.00,6.00,5.59,5.74,280600,5.74
2014-03-21,6.21,6.34,5.86,6.01,257700,6.01
2014-03-20,6.52,6.58,6.23,6.26,183100,6.26
2014-03-19,6.83,6.83,6.33,6.47,402100,6.47
2014-03-18,5.95,6.75,5.80,6.58,738400,6.58
2014-03-17,6.31,6.53,5.84,5.94,272000,5.94
2014-03-14,6.40,6.43,6.12,6.19,344800,6.19
2014-03-13,6.20,6.48,6.09,6.39,404500,6.39
2014-03-12,6.48,7.04,6.25,6.34,1021100,6.34
2014-03-11,7.19,7.70,6.20,6.26,1860700,6.26
2014-03-10,7.98,8.09,7.50,8.07,208700,8.07
2014-03-07,8.44,8.50,7.77,7.96,303500,7.96
2014-03-06,8.62,8.62,8.25,8.36,82100,8.36
2014-03-05,8.79,8.84,8.55,8.60,48400,8.60
2014-03-04,8.63,8.76,8.58,8.71,112000,8.71
2014-03-03,8.29,8.60,8.21,8.55,98000,8.55
2014-02-28,8.56,9.00,8.25,8.31,104300,8.31
2014-02-27,8.42,8.70,8.42,8.61,78000,8.61
2014-02-26,8.38,8.79,8.33,8.39,137100,8.39
2014-02-25,8.32,8.47,8.20,8.38,122400,8.38
2014-02-24,8.39,8.58,8.30,8.35,155700,8.35
2014-02-21,8.70,8.96,8.30,8.36,217700,8.36
2014-02-20,8.99,9.05,8.31,8.73,339500,8.73
2014-02-19,9.00,9.14,9.00,9.02,91000,9.02
2014-02-18,9.05,9.22,8.95,9.09,100000,9.09
2014-02-14,9.09,9.16,8.95,9.07,100200,9.07
2014-02-13,8.92,9.15,8.90,9.05,119600,9.05
2014-02-12,9.08,9.25,8.92,8.95,192500,8.95
2014-02-11,9.05,9.13,9.00,9.02,101400,9.02
2014-02-10,9.05,9.11,8.90,9.06,144200,9.06
2014-02-07,9.15,9.29,9.00,9.00,127800,9.00
2014-02-06,9.35,9.35,8.94,9.08,135700,9.08
2014-02-05,9.38,9.40,9.09,9.31,80000,9.31
2014-02-04,9.35,9.63,9.20,9.36,86100,9.36
2014-02-03,9.93,9.93,9.07,9.32,297600,9.32
2014-01-31,9.99,10.24,9.83,9.94,123200,9.94
2014-01-30,9.83,10.08,9.82,10.05,73900,10.05
2014-01-29,9.30,9.79,9.30,9.73,101300,9.73
2014-01-28,9.25,9.45,9.25,9.41,70200,9.41
2014-01-27,9.44,9.54,9.24,9.25,108100,9.25
2014-01-24,9.63,9.78,9.30,9.46,129300,9.46
2014-01-23,9.62,9.78,9.62,9.74,100300,9.74
2014-01-22,9.79,9.79,9.56,9.65,118100,9.65
2014-01-21,9.98,10.03,9.69,9.80,152500,9.80
2014-01-17,10.25,10.38,9.95,9.98,192500,9.98
2014-01-16,10.56,10.57,10.22,10.30,133700,10.30
2014-01-15,10.36,10.59,10.20,10.55,108400,10.55
2014-01-14,10.40,10.95,10.04,10.28,197400,10.28
2014-01-13,11.49,11.49,10.20,10.30,307500,10.30
2014-01-10,11.13,11.49,10.86,11.29,369500,11.29
2014-01-09,10.25,10.89,10.18,10.76,259700,10.76
2014-01-08,10.04,10.35,10.01,10.18,168000,10.18
2014-01-07,10.00,10.10,9.65,10.09,117300,10.09
2014-01-06,10.35,10.35,9.79,9.95,134400,9.95
2014-01-03,10.35,10.50,10.16,10.26,169100,10.26
2014-01-02,9.75,10.10,9.72,10.10,166100,10.10
2013-12-31,9.90,9.98,9.57,9.71,125800,9.71
2013-12-30,9.79,9.96,9.42,9.92,191800,9.92
2013-12-27,9.24,9.57,8.95,9.39,78600,9.39
2013-12-26,9.73,9.94,9.10,9.24,131500,9.24
2013-12-24,9.56,9.85,9.44,9.73,63900,9.73
2013-12-23,9.10,9.58,9.10,9.54,129500,9.54
2013-12-20,8.65,9.24,8.65,9.08,235600,9.08
2013-12-19,8.47,8.89,8.46,8.65,101500,8.65
2013-12-18,8.36,8.48,8.28,8.48,48500,8.48
2013-12-17,8.57,8.57,8.21,8.36,147700,8.36
2013-12-16,8.39,8.65,8.39,8.49,77100,8.49
2013-12-13,8.38,8.50,8.20,8.38,119100,8.38
2013-12-12,8.30,8.38,8.21,8.35,71600,8.35
2013-12-11,8.56,8.56,8.20,8.23,120400,8.23
2013-12-10,8.25,8.74,8.25,8.56,119800,8.56
2013-12-09,8.50,8.69,8.21,8.26,123400,8.26
2013-12-06,8.79,9.01,8.49,8.51,154700,8.51
2013-12-05,9.00,9.18,8.75,8.80,107500,8.80
2013-12-04,9.05,9.20,8.76,9.03,138700,9.03
2013-12-03,9.06,9.25,8.90,9.07,103200,9.07
2013-12-02,9.16,9.42,9.00,9.15,248000,9.15
2013-11-29,9.14,9.24,8.87,9.06,201100,9.06
2013-11-27,8.86,9.10,8.57,8.80,304400,8.80
2013-11-26,8.01,8.56,7.71,8.54,359500,8.54
2013-11-25,8.30,8.34,7.93,8.01,335100,8.01
2013-11-22,8.57,8.68,8.11,8.28,437100,8.28
2013-11-21,8.69,8.82,8.35,8.52,266200,8.52
2013-11-20,8.73,8.86,8.63,8.67,124000,8.67
2013-11-19,8.84,8.93,8.65,8.75,179100,8.75
2013-11-18,9.16,9.50,8.61,8.76,404300,8.76
2013-11-15,9.17,9.25,9.02,9.13,361200,9.13
2013-11-14,9.22,9.33,9.16,9.18,148100,9.18
2013-11-13,9.36,9.78,9.01,9.26,321800,9.26
2013-11-12,10.02,10.02,9.20,9.41,297000,9.41
2013-11-11,9.95,10.48,9.43,10.02,404300,10.02
2013-11-08,9.35,9.95,9.31,9.91,220200,9.91
2013-11-07,9.57,9.83,8.93,9.28,370900,9.28
2013-11-06,10.25,10.29,9.28,9.57,290000,9.57
2013-11-05,10.00,10.28,9.96,10.11,141700,10.11
2013-11-04,9.93,10.29,9.61,10.00,337900,10.00
2013-11-01,10.50,10.70,9.81,10.09,248100,10.09
2013-10-31,10.52,10.82,10.18,10.54,305100,10.54
2013-10-30,11.66,11.75,10.59,10.63,711500,10.63
2013-10-29,11.20,11.86,10.87,11.65,1068800,11.65
2013-10-28,11.09,11.43,10.44,11.00,687100,11.00
2013-10-25,11.09,11.30,10.85,11.01,379100,11.01
2013-10-24,11.11,11.19,10.95,11.07,363300,11.07
2013-10-23,11.09,11.45,10.75,11.01,453600,11.01
2013-10-22,10.96,11.09,10.64,10.90,407200,10.90
2013-10-21,11.15,11.25,10.58,10.73,460200,10.73
2013-10-18,10.28,11.19,10.18,10.95,896800,10.95
2013-10-17,10.44,10.44,10.15,10.25,144500,10.25
2013-10-16,10.10,10.47,10.10,10.25,144200,10.25
2013-10-15,10.28,10.59,10.03,10.05,157900,10.05
2013-10-14,10.26,10.43,10.02,10.36,177400,10.36
2013-10-11,10.51,10.60,10.20,10.28,162300,10.28
2013-10-10,10.35,10.75,10.26,10.41,218600,10.41
2013-10-09,10.86,10.93,9.81,10.20,514900,10.20
2013-10-08,11.00,11.03,10.52,10.86,358400,10.86
2013-10-07,11.07,11.21,10.85,10.98,171400,10.98
2013-10-04,11.03,11.50,10.84,11.22,248700,11.22
2013-10-03,11.64,11.79,10.84,11.07,372000,11.07
2013-10-02,11.61,11.85,11.55,11.63,211900,11.63
2013-10-01,12.03,12.04,11.57,11.61,210200,11.61
2013-09-30,11.71,11.90,11.40,11.58,289200,11.58
2013-09-27,11.58,12.30,11.50,11.95,398200,11.95
2013-09-26,11.50,11.90,11.50,11.69,330700,11.69
2013-09-25,10.87,11.50,10.87,11.41,515300,11.41
2013-09-24,10.92,10.99,10.67,10.85,213400,10.85
2013-09-23,10.60,11.03,10.50,10.93,361600,10.93
2013-09-20,10.80,11.00,10.50,10.50,514000,10.50
2013-09-19,11.11,11.25,10.51,10.70,2914700,10.70
2013-09-18,12.05,12.39,11.14,11.35,406700,11.35
2013-09-17,11.80,12.46,11.61,11.84,605200,11.84
2013-09-16,11.29,11.90,11.06,11.34,264600,11.34
2013-09-13,10.80,11.18,10.75,11.04,99900,11.04
2013-09-12,11.29,12.17,10.65,10.78,592200,10.78
2013-09-11,10.99,11.05,10.66,10.91,130000,10.91
2013-09-10,11.34,11.37,10.70,10.95,190400,10.95
2013-09-09,10.93,11.34,10.76,11.06,130200,11.06
2013-09-06,11.12,11.26,10.66,10.90,207500,10.90
2013-09-05,10.54,11.47,10.51,11.07,458900,11.07
2013-09-04,10.50,10.77,10.12,10.37,311700,10.37
2013-09-03,11.11,11.25,10.54,10.60,292500,10.60
2013-08-30,11.10,11.42,10.69,11.01,339700,11.01
2013-08-29,11.57,11.80,10.94,11.12,277200,11.12
2013-08-28,12.19,12.35,11.40,11.66,531100,11.66
2013-08-27,12.40,12.49,11.17,11.83,513300,11.83
2013-08-26,13.37,13.80,12.08,12.26,1156500,12.26
2013-08-23,11.00,12.84,10.80,12.79,734000,12.79
2013-08-22,10.55,11.09,10.32,10.57,146900,10.57
2013-08-21,9.22,11.15,9.14,10.47,833900,10.47
2013-08-20,8.93,9.29,8.83,9.15,70600,9.15
2013-08-19,8.65,9.20,8.55,8.96,110100,8.96
2013-08-16,8.75,8.92,8.70,8.71,58300,8.71
2013-08-15,8.91,8.96,8.61,8.66,97100,8.66
2013-08-14,9.15,9.15,8.71,8.97,70700,8.97
2013-08-13,8.46,9.10,8.35,9.09,179700,9.09
2013-08-12,8.80,9.00,8.32,8.52,227800,8.52
2013-08-09,8.98,8.98,8.60,8.83,73300,8.83
2013-08-08,9.70,9.70,8.56,8.90,216500,8.90
2013-08-07,8.50,9.42,8.50,9.24,373500,9.24
2013-08-06,8.85,8.90,8.50,8.51,199600,8.51
2013-08-05,7.50,9.04,7.38,8.82,642200,8.82
2013-08-02,7.48,7.60,7.40,7.50,64200,7.50
2013-08-01,7.46,7.64,7.36,7.51,34100,7.51
2013-07-31,7.53,7.61,7.20,7.37,96100,7.37
2013-07-30,7.49,7.64,7.35,7.50,63400,7.50
2013-07-29,7.40,7.62,7.35,7.37,49800,7.37
2013-07-26,7.16,7.42,7.15,7.40,49300,7.40
2013-07-25,7.60,7.68,7.02,7.32,172800,7.32
2013-07-24,7.52,7.92,7.52,7.67,77800,7.67
2013-07-23,7.43,7.56,7.27,7.55,83000,7.55
2013-07-22,7.50,7.50,7.31,7.45,119100,7.45
2013-07-19,6.90,7.45,6.85,7.27,271300,7.27
2013-07-18,6.72,7.14,6.69,6.82,131400,6.82
2013-07-17,6.52,6.75,6.41,6.67,90600,6.67
2013-07-16,6.79,6.79,6.32,6.39,104600,6.39
2013-07-15,6.40,6.90,6.30,6.63,223400,6.63
2013-07-12,6.21,6.35,6.15,6.27,124600,6.27
2013-07-11,6.10,6.33,6.03,6.17,303300,6.17
2013-07-10,5.79,5.95,5.76,5.79,36200,5.79
2013-07-09,5.79,5.85,5.61,5.63,37300,5.63
2013-07-08,5.80,5.96,5.70,5.72,17100,5.72
2013-07-05,5.69,5.84,5.66,5.76,23700,5.76
2013-07-03,5.46,5.66,5.46,5.66,37800,5.66
2013-07-02,5.43,5.48,5.39,5.44,25000,5.44
2013-07-01,5.40,5.49,5.34,5.39,28800,5.39
2013-06-28,5.39,5.44,5.32,5.37,53400,5.37
2013-06-27,5.45,5.45,5.41,5.45,16700,5.45
2013-06-26,5.52,5.61,5.41,5.41,27700,5.41
2013-06-25,5.52,5.59,5.46,5.51,20000,5.51
2013-06-24,5.55,5.55,5.38,5.49,40200,5.49
2013-06-21,5.68,5.72,5.56,5.61,43600,5.61
2013-06-20,5.84,5.89,5.60,5.62,67700,5.62
2013-06-19,6.01,6.09,5.88,5.89,28000,5.89
2013-06-18,5.93,6.34,5.93,6.05,183100,6.05
2013-06-17,5.70,5.78,5.52,5.74,111200,5.74
2013-06-14,5.47,5.55,5.47,5.51,36800,5.51
2013-06-13,5.58,5.59,5.43,5.47,33700,5.47
2013-06-12,5.63,5.67,5.53,5.58,27300,5.58
2013-06-11,5.60,5.65,5.52,5.59,28200,5.59
2013-06-10,5.75,5.88,5.61,5.70,21100,5.70
2013-06-07,5.60,5.74,5.55,5.70,34700,5.70
2013-06-06,5.62,5.85,5.50,5.55,36200,5.55
2013-06-05,5.62,5.82,5.50,5.62,25700,5.62
2013-06-04,5.65,5.78,5.60,5.60,17800,5.60
2013-06-03,5.82,5.86,5.61,5.67,26900,5.67
2013-05-31,5.86,5.86,5.64,5.79,73600,5.79
2013-05-30,6.05,6.09,5.88,5.92,58100,5.92
2013-05-29,6.12,6.19,6.00,6.07,55000,6.07
2013-05-28,6.10,6.40,5.99,6.19,102700,6.19
2013-05-24,5.99,6.06,5.94,6.00,56700,6.00
2013-05-23,6.00,6.09,5.82,5.99,92900,5.99
2013-05-22,6.07,6.40,5.87,5.88,248100,5.88
2013-05-21,5.75,6.06,5.73,6.02,265400,6.02
2013-05-20,5.64,5.74,5.52,5.69,247600,5.69
2013-05-17,5.44,5.65,5.35,5.49,138600,5.49
2013-05-16,5.50,5.50,5.33,5.40,78100,5.40
2013-05-15,5.54,5.58,5.29,5.45,110900,5.45
2013-05-14,5.61,5.66,5.37,5.45,344400,5.45
2013-05-13,5.14,5.26,5.12,5.13,96700,5.13
2013-05-10,5.15,5.18,5.10,5.14,22000,5.14
2013-05-09,5.15,5.20,5.09,5.13,27600,5.13
2013-05-08,5.06,5.14,5.06,5.09,12400,5.09
2013-05-07,5.14,5.18,5.06,5.06,45000,5.06
2013-05-06,5.15,5.15,5.05,5.06,37600,5.06
2013-05-03,5.19,5.23,5.10,5.10,27700,5.10
2013-05-02,5.11,5.20,5.07,5.12,17500,5.12
2013-05-01,5.05,5.24,5.05,5.11,20800,5.11
2013-04-30,5.08,5.24,5.08,5.18,35100,5.18
2013-04-29,5.19,5.19,5.05,5.06,39200,5.06
2013-04-26,5.01,5.18,5.01,5.18,44600,5.18
2013-04-25,5.01,5.05,4.96,5.02,53400,5.02
2013-04-24,5.04,5.04,4.87,4.96,17400,4.96
2013-04-23,5.00,5.18,4.95,5.05,74500,5.05
2013-04-22,5.16,5.16,4.85,4.93,108800,4.93
2013-04-19,5.25,5.29,5.14,5.14,60300,5.14
2013-04-18,5.25,5.28,5.15,5.18,55500,5.18
2013-04-17,5.30,5.31,5.23,5.24,113500,5.24
2013-04-16,5.38,5.42,5.27,5.32,123100,5.32
2013-04-15,5.30,5.34,5.25,5.27,103400,5.27
2013-04-12,5.38,5.40,5.24,5.31,190200,5.31
2013-04-11,5.30,5.44,5.19,5.38,1192000,5.38
2013-04-10,6.07,6.14,5.94,6.01,31800,6.01
2013-04-09,6.05,6.18,5.83,6.07,55100,6.07
2013-04-08,6.11,6.30,5.94,5.99,176700,5.99
2013-04-05,6.08,6.15,6.07,6.10,10800,6.10
2013-04-04,6.08,6.21,6.06,6.17,14000,6.17
2013-04-03,6.08,6.08,5.93,6.05,6400,6.05
2013-04-02,6.17,6.21,5.86,6.15,21200,6.15
2013-04-01,6.04,6.17,5.90,6.17,30900,6.17
2013-03-28,6.18,6.18,6.02,6.11,27300,6.11
2013-03-27,6.15,6.25,6.15,6.16,12900,6.16
2013-03-26,6.38,6.38,6.15,6.18,21900,6.18
2013-03-25,6.39,6.39,6.15,6.20,16700,6.20
2013-03-22,6.25,6.48,6.25,6.41,27200,6.41
2013-03-21,6.27,6.36,6.17,6.22,25800,6.22
2013-03-20,6.16,6.25,6.16,6.22,14300,6.22
2013-03-19,6.40,6.40,6.11,6.17,19200,6.17
2013-03-18,6.25,6.37,6.21,6.25,19500,6.25
2013-03-15,6.36,6.41,6.25,6.28,49700,6.28
2013-03-14,6.44,6.58,6.34,6.44,36500,6.44
2013-03-13,6.48,6.51,6.40,6.44,22800,6.44
2013-03-12,6.37,6.48,6.25,6.39,33900,6.39
2013-03-11,6.31,6.63,6.18,6.22,49800,6.22
2013-03-08,6.78,6.78,6.22,6.23,97800,6.23
2013-03-07,6.24,6.80,6.24,6.68,199900,6.68
2013-03-06,6.03,6.24,6.03,6.09,27500,6.09
2013-03-05,6.35,6.49,5.98,6.03,121200,6.03
2013-03-04,6.00,6.24,5.81,5.97,72800,5.97
2013-03-01,5.80,6.02,5.80,5.84,29100,5.84
2013-02-28,5.98,6.05,5.81,5.85,24500,5.85
2013-02-27,6.06,6.06,5.87,6.02,43400,6.02
2013-02-26,6.12,6.20,5.99,6.05,30200,6.05
2013-02-25,6.35,6.35,6.01,6.03,70400,6.03
2013-02-22,6.33,6.39,6.21,6.35,25300,6.35
2013-02-21,6.53,6.53,6.31,6.34,49700,6.34
2013-02-20,6.83,6.87,6.43,6.48,47800,6.48
2013-02-19,6.85,7.05,6.80,6.84,45000,6.84
2013-02-15,6.90,7.04,6.70,6.85,28400,6.85
2013-02-14,6.75,6.95,6.60,6.93,34400,6.93
2013-02-13,6.65,6.72,6.51,6.69,69500,6.69
2013-02-12,6.95,6.99,6.60,6.69,102900,6.69
2013-02-11,7.39,7.39,6.80,6.88,113000,6.88
2013-02-08,7.70,7.80,7.00,7.31,170800,7.31
2013-02-07,7.82,8.13,7.18,7.70,290500,7.70
2013-02-06,6.76,7.88,6.75,7.77,253000,7.77
2013-02-05,6.57,6.99,6.43,6.81,115300,6.81
2013-02-04,6.32,6.48,6.20,6.35,30600,6.35
2013-02-01,6.00,6.48,6.00,6.33,99200,6.33
2013-01-31,6.04,6.09,5.85,5.85,17000,5.85
2013-01-30,6.00,6.16,5.85,5.93,24000,5.93
2013-01-29,5.82,6.12,5.82,5.99,38900,5.99
2013-01-28,5.94,6.05,5.68,5.81,42200,5.81
2013-01-25,5.70,6.00,5.61,5.89,84300,5.89
2013-01-24,6.00,6.02,5.60,5.68,69200,5.68
2013-01-23,5.70,5.70,5.21,5.51,92300,5.51
2013-01-22,5.88,5.90,5.42,5.45,157700,5.45
2013-01-18,6.09,6.11,5.84,5.84,48600,5.84
2013-01-17,6.16,6.18,6.06,6.09,42100,6.09
2013-01-16,6.12,6.23,6.09,6.13,56900,6.13
2013-01-15,6.09,6.20,6.06,6.07,73200,6.07
2013-01-14,6.12,6.34,6.01,6.10,51100,6.10
2013-01-11,6.15,6.20,6.02,6.18,28100,6.18
2013-01-10,6.36,6.36,6.15,6.19,8300,6.19
2013-01-09,6.40,6.40,6.26,6.30,31600,6.30
2013-01-08,6.34,6.42,6.17,6.37,26800,6.37
2013-01-07,6.37,6.37,6.18,6.30,40900,6.30
2013-01-04,6.18,6.41,6.16,6.37,33800,6.37
2013-01-03,6.18,6.27,6.11,6.18,68800,6.18
2013-01-02,6.20,6.33,6.15,6.21,43200,6.21
2012-12-31,6.06,6.25,6.00,6.09,49700,6.09
2012-12-28,6.16,6.20,6.02,6.08,57000,6.08
2012-12-27,6.25,6.30,6.15,6.21,26700,6.21
2012-12-26,6.28,6.31,6.17,6.22,45900,6.22
2012-12-24,6.25,6.43,6.25,6.36,8700,6.36
2012-12-21,6.42,6.56,6.17,6.21,64000,6.21
2012-12-20,6.45,6.69,6.45,6.48,28300,6.48
2012-12-19,6.43,6.55,6.43,6.49,31100,6.49
2012-12-18,6.43,6.53,6.36,6.42,25100,6.42
2012-12-17,6.68,6.68,6.38,6.43,77300,6.43
2012-12-14,6.76,6.85,6.60,6.62,49000,6.62
2012-12-13,6.80,6.87,6.70,6.72,15000,6.72
2012-12-12,7.04,7.05,6.75,6.80,33500,6.80
2012-12-11,6.75,7.20,6.75,6.93,244400,6.93
2012-12-10,6.66,6.97,6.61,6.66,72900,6.66
2012-12-07,6.64,6.75,6.50,6.61,34100,6.61
2012-12-06,6.79,6.94,6.51,6.66,26200,6.66
2012-12-05,7.05,7.25,6.70,6.75,78700,6.75
2012-12-04,6.99,7.50,6.99,7.03,41400,7.03
2012-12-03,7.15,7.16,6.90,7.02,76800,7.02
2012-11-30,6.93,7.23,6.77,7.07,114000,7.07
2012-11-29,6.90,6.95,6.57,6.84,176300,6.84
2012-11-28,6.66,6.69,6.25,6.43,90300,6.43
2012-11-27,6.80,6.97,6.55,6.64,59500,6.64
2012-11-26,6.38,6.72,6.25,6.56,87100,6.56
2012-11-23,6.49,6.54,6.20,6.24,59800,6.24
2012-11-21,6.50,6.65,6.31,6.43,86000,6.43
2012-11-20,7.33,7.65,6.41,6.49,651200,6.49
2012-11-19,6.30,6.70,6.27,6.59,67900,6.59
2012-11-16,6.25,6.43,6.17,6.29,40800,6.29
2012-11-15,6.31,6.56,6.22,6.31,45200,6.31
2012-11-14,6.39,6.55,6.21,6.29,42600,6.29
2012-11-13,6.48,6.64,6.18,6.33,64300,6.33
2012-11-12,6.63,6.63,6.41,6.46,16000,6.46
2012-11-09,6.33,6.70,6.15,6.57,35500,6.57
2012-11-08,6.50,6.64,6.23,6.26,22000,6.26
2012-11-07,6.65,6.70,6.35,6.43,15600,6.43
2012-11-06,6.64,6.77,6.59,6.66,29200,6.66
2012-11-05,6.50,6.98,6.50,6.68,56200,6.68
2012-11-02,6.32,6.50,6.32,6.35,25800,6.35
2012-11-01,6.31,6.40,6.27,6.40,21500,6.40
2012-10-31,6.30,6.42,6.25,6.32,88100,6.32
2012-10-26,6.38,6.57,6.19,6.31,61400,6.31
2012-10-25,6.82,6.82,6.35,6.40,100900,6.40
2012-10-24,7.03,7.03,6.76,6.81,79800,6.81
2012-10-23,6.82,7.11,6.59,6.97,159600,6.97
2012-10-22,6.54,6.82,6.50,6.81,99100,6.81
2012-10-19,6.77,6.77,6.42,6.49,94400,6.49
2012-10-18,6.39,6.41,6.13,6.36,129500,6.36
2012-10-17,6.96,6.96,6.14,6.49,281500,6.49
2012-10-16,7.17,7.28,6.90,7.12,54500,7.12
2012-10-15,7.32,7.36,7.15,7.22,37300,7.22
2012-10-12,7.45,7.49,7.22,7.33,16900,7.33
2012-10-11,7.36,7.53,7.35,7.40,34700,7.40
2012-10-10,7.53,7.56,6.98,7.37,179500,7.37
2012-10-09,7.83,7.83,7.50,7.58,117200,7.58
2012-10-08,7.99,8.07,7.80,7.81,52300,7.81
2012-10-05,7.92,8.04,7.83,7.96,81100,7.96
2012-10-04,8.09,8.09,7.75,7.96,91300,7.96
2012-10-03,8.03,8.16,7.68,8.07,127000,8.07
2012-10-02,8.65,8.65,7.90,8.03,178700,8.03
2012-10-01,9.50,9.80,8.51,8.54,719500,8.54
2012-09-28,7.80,8.37,7.54,8.34,123600,8.34
2012-09-27,7.46,7.98,7.39,7.82,80500,7.82
2012-09-26,7.92,7.94,7.41,7.49,138000,7.49
2012-09-25,8.63,8.80,7.76,7.94,214800,7.94
2012-09-24,8.87,9.08,8.53,8.68,208000,8.68
2012-09-21,8.76,9.24,8.66,8.80,272800,8.80
2012-09-20,8.62,8.98,8.52,8.76,122700,8.76
2012-09-19,8.85,8.93,8.35,8.68,182700,8.68
2012-09-18,8.67,9.13,8.64,8.89,239000,8.89
2012-09-17,8.64,9.04,8.51,8.67,137900,8.67
2012-09-14,8.41,9.19,8.11,8.74,440600,8.74
2012-09-13,8.39,8.75,8.17,8.40,291300,8.40
2012-09-12,9.20,9.25,8.08,8.27,598400,8.27
2012-09-11,8.92,9.64,8.61,9.17,1420700,9.17
2012-09-10,7.25,8.76,7.16,8.52,1412000,8.52
2012-09-07,6.99,7.15,6.89,6.91,135700,6.91
2012-09-06,6.90,6.94,6.78,6.85,49200,6.85
2012-09-05,6.82,6.97,6.73,6.95,33200,6.95
2012-09-04,6.94,6.99,6.67,6.78,24000,6.78
2012-08-31,7.04,7.09,6.75,6.93,72200,6.93
2012-08-30,6.82,7.20,6.65,7.00,181200,7.00
2012-08-29,6.86,7.49,6.57,6.78,425700,6.78
2012-08-28,6.75,6.85,6.40,6.78,36500,6.78
2012-08-27,6.67,6.81,6.45,6.70,47100,6.70
2012-08-24,6.82,7.00,6.55,6.74,46600,6.74
2012-08-23,7.05,7.05,6.61,6.77,113200,6.77
2012-08-22,6.40,6.66,6.36,6.61,65100,6.61
2012-08-21,6.90,7.01,6.35,6.65,71800,6.65
2012-08-20,7.00,7.00,6.76,6.90,67200,6.90
2012-08-17,7.07,7.49,6.90,7.00,189100,7.00
2012-08-16,7.00,7.08,6.98,7.00,87500,7.00
2012-08-15,6.98,7.08,6.90,7.01,82600,7.01
2012-08-14,7.05,7.15,6.98,7.03,205600,7.03
2012-08-13,6.97,7.10,6.86,7.00,263300,7.00
2012-08-10,6.70,7.06,6.70,6.93,1233700,6.93
2012-08-09,8.69,8.93,7.77,8.20,153200,8.20
2012-08-08,8.83,9.20,8.46,8.46,90700,8.46
2012-08-07,9.49,9.49,8.55,8.91,64500,8.91
2012-08-06,9.90,10.25,8.88,9.32,239900,9.32
2012-08-03,8.90,8.90,8.00,8.47,59500,8.47
2012-08-02,9.10,9.24,8.48,8.49,31900,8.49
2012-08-01,10.00,10.00,8.59,9.01,65700,9.01
2012-07-31,9.74,10.17,9.05,9.25,110100,9.25
2012-07-30,10.00,10.25,9.60,9.80,144100,9.80
2012-07-27,10.70,10.78,9.95,10.01,120000,10.01
2012-07-26,11.38,11.38,10.40,10.73,160200,10.73
2012-07-25,12.86,13.69,11.00,11.44,736700,11.44
2012-07-24,10.55,11.20,9.90,10.05,126300,10.05
2012-07-23,9.99,12.50,9.60,10.55,381000,10.55
2012-07-20,10.20,10.45,9.63,10.19,63800,10.19
2012-07-19,10.91,10.91,9.60,10.26,239100,10.26
2012-07-18,9.75,10.93,9.08,9.90,522300,9.90
2012-07-17,11.00,11.00,8.66,9.40,299700,9.40
2012-07-16,12.98,13.15,10.95,11.03,379500,11.03
2012-07-13,13.60,14.54,12.00,12.68,788400,12.68
2012-07-12,10.90,14.01,10.40,12.66,1549300,12.66
2012-07-11,13.69,17.25,11.09,11.41,2495400,11.41
2012-07-10,9.55,14.54,9.05,13.30,1675000,13.30
2012-07-09,6.39,10.75,5.00,9.65,908800,9.65
2012-07-06,3.50,5.37,3.50,4.99,109000,4.99
2012-07-05,3.60,3.60,2.75,3.01,14600,3.01
2012-07-03,3.70,3.70,3.36,3.60,20800,3.60
2012-07-02,3.43,3.75,3.43,3.70,2400,3.70
2012-06-29,4.15,4.15,2.50,3.26,19100,3.26
2012-06-28,4.95,4.99,4.50,4.50,4100,4.50
2012-06-27,4.75,4.75,4.75,4.75,300,4.75
2012-06-26,4.75,4.75,4.75,4.75,000,4.75
2012-06-25,4.75,4.75,4.75,4.75,000,4.75
2012-06-22,5.00,5.51,4.75,4.75,2600,4.75
2012-06-21,5.30,5.33,5.30,5.30,1200,5.30
2012-06-20,5.30,5.45,5.30,5.30,2100,5.30
2012-06-19,5.70,5.70,5.70,5.70,100,5.70
2012-06-18,6.33,6.33,6.33,6.33,000,6.33
2012-06-15,6.33,6.33,6.33,6.33,000,6.33
2012-06-14,6.37,6.37,6.33,6.33,200,6.33
2012-06-13,6.47,6.47,6.47,6.47,000,6.47
2012-06-12,6.47,6.47,6.47,6.47,100,6.47
2012-06-11,6.00,6.00,6.00,6.00,900,6.00
2012-06-08,6.00,6.00,6.00,6.00,000,6.00
2012-06-07,6.00,6.00,6.00,6.00,2500,6.00
2012-06-06,6.03,6.05,6.00,6.00,1000,6.00
2012-06-05,6.27,6.27,6.27,6.27,000,6.27
2012-06-04,6.99,6.99,6.00,6.27,1600,6.27
2012-06-01,5.50,6.99,5.50,6.99,1400,6.99
2012-05-31,5.29,5.29,5.01,5.01,1100,5.01
2012-05-30,6.00,6.00,6.00,6.00,000,6.00
2012-05-29,6.00,6.00,6.00,6.00,400,6.00
2012-05-25,6.00,6.00,6.00,6.00,300,6.00
2012-05-24,6.50,6.50,6.50,6.50,000,6.50
2012-05-23,6.50,6.50,6.50,6.50,000,6.50
2012-05-22,6.50,6.50,6.50,6.50,000,6.50
2012-05-21,6.50,6.50,6.50,6.50,1100,6.50
2012-05-18,6.75,6.75,6.75,6.75,100,6.75
2012-05-17,6.50,6.50,6.50,6.50,200,6.50
2012-05-16,6.50,6.50,6.50,6.50,000,6.50
2012-05-15,6.78,6.78,6.50,6.50,900,6.50
2012-05-14,7.50,7.50,7.50,7.50,000,7.50
2012-05-11,7.50,7.50,7.50,7.50,000,7.50
2012-05-10,7.50,7.50,7.50,7.50,000,7.50
2012-05-09,7.50,7.50,7.50,7.50,000,7.50
2012-05-08,7.50,7.50,7.50,7.50,400,7.50
2012-05-07,7.01,7.01,7.01,7.01,000,7.01
2012-05-04,7.01,7.01,7.01,7.01,000,7.01
2012-05-03,7.01,7.01,7.01,7.01,000,7.01
2012-05-02,7.03,7.95,7.00,7.01,4300,7.01
2012-05-01,6.90,7.86,6.90,7.86,200,7.86
2012-04-30,7.89,7.89,7.35,7.35,1400,7.35
2012-04-27,6.88,6.88,6.88,6.88,100,6.88
2012-04-26,7.50,7.50,7.50,7.50,000,7.50
2012-04-25,7.50,7.50,7.50,7.50,000,7.50
2012-04-24,7.50,7.50,7.50,7.50,000,7.50
2012-04-23,7.50,7.50,7.50,7.50,000,7.50
2012-04-20,7.28,7.50,6.30,7.50,400,7.50
2012-04-19,7.25,7.25,7.25,7.25,000,7.25
2012-04-18,7.25,7.25,7.25,7.25,000,7.25
2012-04-17,7.25,7.25,7.25,7.25,000,7.25
2012-04-16,7.25,7.25,7.25,7.25,000,7.25
2012-04-13,7.25,7.25,7.25,7.25,000,7.25
2012-04-12,7.25,7.25,7.25,7.25,000,7.25
2012-04-11,7.25,7.25,6.50,7.25,1000,7.25
2012-04-10,7.80,8.00,7.50,7.50,2200,7.50
2012-04-09,8.05,8.05,8.05,8.05,600,8.05
2012-04-05,8.50,8.50,8.50,8.50,000,8.50
2012-04-04,8.32,8.50,8.25,8.50,1500,8.50
2012-04-03,8.85,8.85,8.00,8.33,7400,8.33
2012-04-02,8.85,8.85,8.85,8.85,000,8.85
2012-03-30,8.75,8.85,8.75,8.85,600,8.85
2012-03-29,9.00,9.00,9.00,9.00,600,9.00
2012-03-28,9.15,9.15,8.75,8.75,2000,8.75
2012-03-27,9.00,9.93,9.00,9.15,8900,9.15
2012-03-26,8.52,8.76,8.50,8.75,1800,8.75
2012-03-23,8.51,9.50,8.51,9.00,7800,9.00
2012-03-22,8.89,9.50,8.75,8.75,2600,8.75
2012-03-21,9.89,9.89,8.85,8.85,3600,8.85
2012-03-20,10.31,10.39,9.10,9.27,9900,9.27
2012-03-19,11.90,11.90,10.30,10.48,3900,10.48
2012-03-16,12.00,12.00,10.05,10.90,13800,10.90
2012-03-15,10.55,11.03,10.00,10.02,12300,10.02
2012-03-14,11.03,11.03,10.51,10.54,4500,10.54
2012-03-13,11.58,12.00,10.89,11.00,3400,11.00
2012-03-12,14.00,14.00,11.02,11.78,8600,11.78
2012-03-09,11.49,13.00,11.20,12.75,14600,12.75
2012-03-08,10.71,11.49,10.51,11.00,4500,11.00
2012-03-07,10.76,12.00,10.50,11.98,4200,11.98
2012-03-06,13.77,14.45,10.50,10.50,5600,10.50
2012-03-05,14.79,14.79,13.80,14.00,1700,14.00
2012-03-02,19.00,19.00,15.00,15.00,4600,15.00
2012-03-01,14.75,22.90,14.25,19.48,1800,19.48
2012-02-29,15.00,15.50,15.00,15.13,600,15.13
2012-02-28,15.00,17.00,15.00,15.00,2100,15.00
2012-02-27,15.50,15.50,15.50,15.50,300,15.50
2012-02-24,13.60,14.42,13.60,14.03,1500,14.03
2012-02-23,14.10,15.00,14.00,14.00,1000,14.00
2012-02-22,14.02,14.50,14.02,14.50,300,14.50
2012-02-21,15.50,15.50,15.00,15.50,3000,15.50
2012-02-17,12.00,15.00,11.75,15.00,2700,15.00
2012-02-16,12.00,12.00,12.00,12.00,1700,12.00
