Date,Open,High,Low,Close,Volume,Adj Close
2016-06-10,58.259998,58.490002,57.560001,57.959999,206400,57.959999
2016-06-09,58.990002,59.18,58.580002,59.130001,194100,59.130001
2016-06-08,58.889999,59.599998,58.84,59.389999,356200,59.389999
2016-06-07,58.57,58.970001,58.48,58.84,197900,58.84
2016-06-06,59.369999,59.369999,57.650002,58.639999,321700,58.639999
2016-06-03,57.919998,57.919998,57.200001,57.720001,152300,57.720001
2016-06-02,57.299999,57.900002,57.18,57.860001,186900,57.860001
2016-06-01,56.75,57.529999,56.200001,57.48,276700,57.48
2016-05-31,56.759998,57.290001,56.650002,56.939999,291200,56.939999
2016-05-27,57.150002,57.299999,56.66,56.869999,219700,56.869999
2016-05-26,57.380001,58.00,56.950001,57.139999,348300,57.139999
2016-05-25,56.990002,57.330002,55.93,57.209999,339700,57.209999
2016-05-24,55.400002,56.82,55.349998,56.709999,285100,56.709999
2016-05-23,55.259998,55.509998,54.950001,55.150002,190800,55.150002
2016-05-20,54.919998,55.560001,54.330002,55.23,243600,55.23
2016-05-19,54.900002,55.02,54.200001,54.540001,461400,54.540001
2016-05-18,54.900002,55.610001,54.700001,55.049999,285800,54.939999
2016-05-17,55.00,55.380001,54.790001,55.009998,395500,54.900078
2016-05-16,54.619999,55.459999,54.619999,55.049999,255700,54.939999
2016-05-13,55.150002,55.279999,54.32,54.470001,634400,54.36116
2016-05-12,55.380001,55.650002,54.580002,55.400002,342900,55.289302
2016-05-11,55.09,55.650002,54.110001,55.139999,262500,55.029819
2016-05-10,54.450001,55.310001,53.040001,55.240002,228200,55.129622
2016-05-09,54.209999,54.450001,53.759998,54.009998,264100,53.902076
2016-05-06,53.09,54.34,53.040001,54.34,305400,54.231419
2016-05-05,53.360001,53.709999,53.080002,53.240002,277600,53.133618
2016-05-04,53.380001,53.900002,53.07,53.240002,325400,53.133618
2016-05-03,54.599998,54.599998,53.41,53.669998,296200,53.562756
2016-05-02,54.27,54.990002,53.810001,54.970001,330300,54.860161
2016-04-29,55.099998,55.490002,53.900002,54.209999,391500,54.101677
2016-04-28,55.029999,55.34,53.939999,55.150002,416000,55.039802
2016-04-27,55.00,55.599998,54.810001,55.189999,501400,55.079719
2016-04-26,54.669998,55.049999,54.470001,54.91,326900,54.800279
2016-04-25,55.16,55.380001,54.43,54.709999,371700,54.600678
2016-04-22,54.09,55.41,54.09,54.91,682700,54.800279
2016-04-21,55.00,55.790001,53.830002,54.84,806800,54.73042
2016-04-20,52.299999,56.830002,51.91,55.349998,1387900,55.239399
2016-04-19,53.43,53.43,52.400002,52.849998,302100,52.744394
2016-04-18,52.200001,53.00,52.200001,52.830002,206300,52.724438
2016-04-15,52.220001,53.00,52.220001,52.59,301900,52.484916
2016-04-14,52.740002,52.889999,52.290001,52.369999,231100,52.265354
2016-04-13,52.970001,53.02,52.389999,52.639999,346900,52.534815
2016-04-12,51.77,52.68,51.639999,52.189999,117400,52.085713
2016-04-11,51.630001,52.400002,51.580002,51.619999,165400,51.516853
2016-04-08,51.75,52.27,51.110001,51.310001,137000,51.207474
2016-04-07,51.220001,51.91,50.73,51.009998,238100,50.908071
2016-04-06,51.27,51.889999,50.779999,51.66,179000,51.556774
2016-04-05,51.040001,51.68,50.700001,51.34,258300,51.237413
2016-04-04,52.509998,52.889999,51.52,51.529999,145900,51.427032
2016-04-01,51.470001,52.549999,51.07,52.380001,255200,52.275336
2016-03-31,52.560001,52.990002,51.990002,52.02,254800,51.916055
2016-03-30,53.50,53.50,52.619999,52.619999,255100,52.514854
2016-03-29,51.82,53.259998,50.950001,53.049999,349400,52.943995
2016-03-28,51.77,52.470001,51.189999,52.049999,299500,51.945994
2016-03-24,51.52,51.52,51.009998,51.450001,331800,51.347194
2016-03-23,52.900002,53.110001,51.869999,51.889999,264300,51.786314
2016-03-22,51.900002,53.23,51.900002,52.900002,259300,52.794297
2016-03-21,53.040001,53.299999,52.959999,53.02,235500,52.914057
2016-03-18,52.279999,53.349998,52.279999,53.240002,630800,53.133618
2016-03-17,51.080002,52.630001,51.009998,52.41,215800,52.305275
2016-03-16,49.689999,51.32,49.689999,51.080002,218900,50.977934
2016-03-15,49.790001,50.23,49.049999,49.939999,214700,49.840209
2016-03-14,50.189999,50.490002,49.43,50.080002,238600,49.979933
2016-03-11,49.779999,50.48,49.599998,50.349998,210000,50.24939
2016-03-10,49.580002,49.669998,48.900002,49.32,193600,49.221449
2016-03-09,48.93,49.52,48.50,49.349998,316500,49.251388
2016-03-08,49.57,49.57,48.650002,48.68,325500,48.582729
2016-03-07,49.880001,50.34,49.560001,49.970001,243900,49.870152
2016-03-04,49.099998,50.290001,48.619999,49.950001,240100,49.850191
2016-03-03,49.470001,49.84,49.09,49.380001,257800,49.281331
2016-03-02,48.740002,49.450001,47.66,49.419998,291300,49.321248
2016-03-01,47.48,49.009998,47.25,48.860001,289500,48.762369
2016-02-29,46.700001,47.32,46.700001,46.950001,507400,46.856186
2016-02-26,47.049999,47.41,46.529999,46.700001,267700,46.606685
2016-02-25,46.720001,46.900002,45.959999,46.759998,196400,46.666563
2016-02-24,45.490002,46.73,45.310001,46.630001,238400,46.536826
2016-02-23,46.130001,47.25,46.009998,46.080002,331800,45.987925
2016-02-22,46.68,47.209999,46.279999,46.360001,393400,46.267365
2016-02-19,46.93,47.32,46.57,46.66,211000,46.566764
2016-02-18,47.349998,47.630001,47.060001,47.200001,191700,47.105686
2016-02-17,46.560001,47.59,46.560001,47.48,482400,47.275346
2016-02-16,44.939999,46.639999,44.419998,46.310001,377000,46.110391
2016-02-12,43.59,44.439999,42.009998,44.189999,386500,43.999526
2016-02-11,43.139999,44.400002,42.450001,42.91,425300,42.725044
2016-02-10,43.970001,44.82,43.959999,44.00,345800,43.810346
2016-02-09,43.720001,44.73,43.610001,43.790001,581100,43.601252
2016-02-08,44.709999,45.110001,43.709999,44.400002,425300,44.208624
2016-02-05,45.299999,45.599998,44.939999,45.110001,495200,44.915563
2016-02-04,45.00,46.110001,44.959999,45.560001,560000,45.363624
2016-02-03,45.02,45.419998,44.209999,45.00,387000,44.806036
2016-02-02,45.240002,45.450001,44.389999,44.450001,428300,44.258407
2016-02-01,45.970001,46.099998,45.419998,45.810001,364900,45.612546
2016-01-29,45.610001,46.259998,45.369999,46.189999,646700,45.990905
2016-01-28,45.91,46.200001,45.209999,45.369999,425200,45.17444
2016-01-27,46.00,46.450001,45.330002,45.450001,460500,45.254097
2016-01-26,45.200001,46.34,45.200001,46.299999,327000,46.100432
2016-01-25,45.34,45.610001,44.639999,44.75,322200,44.557114
2016-01-22,44.799999,46.18,44.75,45.669998,372700,45.473146
2016-01-21,43.400002,44.779999,43.32,44.029999,405800,43.840216
2016-01-20,43.50,44.060001,41.240002,43.48,877500,43.292587
2016-01-19,45.130001,45.389999,44.599998,44.950001,740800,44.756252
2016-01-15,45.00,45.529999,44.209999,44.939999,495900,44.746293
2016-01-14,46.080002,46.860001,45.34,46.310001,420600,46.110391
2016-01-13,47.369999,47.59,45.91,45.93,399900,45.732028
2016-01-12,46.93,47.439999,46.279999,47.139999,324100,46.936811
2016-01-11,46.259998,47.82,46.029999,46.610001,459300,46.409097
2016-01-08,47.169998,47.189999,46.009998,46.099998,395700,45.901293
2016-01-07,47.93,48.189999,46.599998,46.889999,372900,46.687889
2016-01-06,49.349998,49.970001,48.48,48.860001,572300,48.649399
2016-01-05,49.919998,50.509998,49.349998,50.23,354900,50.013493
2016-01-04,48.740002,49.779999,48.110001,49.759998,434900,49.545517
2015-12-31,50.650002,50.740002,49.639999,49.66,316700,49.44595
2015-12-30,51.060001,51.130001,50.560001,50.84,225200,50.620864
2015-12-29,50.790001,51.34,50.279999,50.990002,273400,50.770219
2015-12-28,50.790001,50.790001,50.119999,50.549999,194800,50.332113
2015-12-24,50.619999,51.279999,50.619999,51.130001,113100,50.909615
2015-12-23,50.240002,50.91,50.029999,50.700001,211100,50.481468
2015-12-22,49.34,50.16,48.919998,50.009998,293200,49.79444
2015-12-21,49.50,50.09,48.939999,49.220001,487400,49.007848
2015-12-18,49.720001,50.299999,49.02,49.049999,697500,48.838579
2015-12-17,50.209999,50.209999,49.580002,49.709999,431500,49.495734
2015-12-16,49.630001,50.360001,49.110001,50.209999,383000,49.993578
2015-12-15,49.119999,49.369999,48.580002,49.169998,291100,48.95806
2015-12-14,48.400002,48.779999,47.830002,48.709999,416900,48.500044
2015-12-11,47.48,48.509998,47.48,48.25,444500,48.042028
2015-12-10,48.02,48.75,47.720001,48.549999,280700,48.340734
2015-12-09,48.330002,49.009998,47.610001,47.919998,400000,47.713448
2015-12-08,49.41,49.610001,48.18,48.400002,435300,48.191383
2015-12-07,50.66,50.73,49.720001,49.990002,336900,49.774529
2015-12-04,49.700001,51.150002,49.700001,50.880001,419700,50.660692
2015-12-03,50.93,51.27,49.669998,49.84,453300,49.625174
2015-12-02,50.619999,51.110001,50.400002,50.84,369700,50.620864
2015-12-01,50.630001,50.919998,50.18,50.740002,331700,50.521297
2015-11-30,50.529999,50.77,49.810001,50.43,353100,50.212631
2015-11-27,49.610001,50.66,49.330002,50.150002,222300,49.933839
2015-11-25,49.759998,50.00,49.459999,49.68,353500,49.465864
2015-11-24,48.41,49.98,48.41,49.830002,275600,49.615219
2015-11-23,48.209999,49.049999,48.209999,48.790001,300600,48.579701
2015-11-20,48.389999,48.799999,47.200001,48.310001,209400,48.10177
2015-11-19,47.540001,48.169998,47.459999,48.09,365800,47.882717
2015-11-18,46.610001,47.689999,46.200001,47.639999,203600,47.434656
2015-11-17,46.650002,47.02,45.91,46.310001,362100,46.110391
2015-11-16,45.799999,46.650002,45.68,46.630001,310900,46.429011
2015-11-13,45.75,46.779999,45.720001,46.060001,250000,45.861468
2015-11-12,46.740002,47.169998,45.98,46.049999,275700,45.851509
2015-11-11,47.990002,47.990002,46.779999,47.279999,369000,46.976638
2015-11-10,45.00,48.540001,43.82,48.040001,686400,47.731764
2015-11-09,47.57,47.959999,45.779999,45.950001,385300,45.655174
2015-11-06,46.900002,47.73,46.810001,47.700001,414100,47.393945
2015-11-05,47.50,48.00,46.959999,47.25,404800,46.946832
2015-11-04,47.02,47.650002,46.720001,47.48,203700,47.175355
2015-11-03,45.950001,47.290001,45.810001,46.919998,256800,46.618947
2015-11-02,45.41,46.330002,45.41,46.150002,255000,45.853891
2015-10-30,45.959999,46.139999,45.360001,45.50,181900,45.20806
2015-10-29,45.540001,46.310001,45.540001,45.990002,177900,45.694918
2015-10-28,43.709999,45.830002,43.669998,45.740002,315800,45.446522
2015-10-27,44.82,45.18,43.529999,43.759998,333000,43.479223
2015-10-26,45.16,45.369999,44.98,45.119999,183100,44.830497
2015-10-23,45.00,45.119999,44.369999,45.099998,181600,44.810625
2015-10-22,43.290001,45.119999,43.23,44.709999,223900,44.423128
2015-10-21,43.549999,43.689999,42.98,43.110001,181100,42.833396
2015-10-20,43.00,43.52,42.59,43.25,341100,42.972497
2015-10-19,42.84,43.150002,42.759998,43.00,177100,42.724101
2015-10-16,43.669998,43.779999,42.689999,43.139999,203900,42.863202
2015-10-15,43.509998,44.099998,42.50,43.740002,211900,43.459354
2015-10-14,44.200001,44.330002,43.189999,43.259998,237400,42.982431
2015-10-13,44.900002,45.169998,44.00,44.27,199300,43.985953
2015-10-12,46.290001,46.290001,45.389999,45.540001,209600,45.247804
2015-10-09,46.27,46.689999,45.959999,46.369999,294000,46.072477
2015-10-08,44.57,46.23,44.310001,46.200001,366500,45.903569
2015-10-07,43.259998,44.73,43.259998,44.650002,464100,44.363515
2015-10-06,42.73,43.389999,42.610001,42.900002,225300,42.624744
2015-10-05,40.990002,42.889999,40.990002,42.84,350300,42.565128
2015-10-02,39.91,40.869999,39.68,40.84,332000,40.57796
2015-10-01,40.709999,40.950001,39.73,40.259998,505200,40.00168
2015-09-30,40.740002,41.25,40.43,40.700001,349100,40.438859
2015-09-29,39.970001,40.529999,39.970001,40.389999,288600,40.130847
2015-09-28,40.119999,40.48,39.82,40.00,287000,39.74335
2015-09-25,41.029999,41.220001,40.25,40.360001,320300,40.10104
2015-09-24,41.00,41.00,40.299999,40.580002,382400,40.31963
2015-09-23,42.16,42.259998,41.27,41.299999,192500,41.035008
2015-09-22,42.560001,42.990002,41.830002,42.16,233200,41.88949
2015-09-21,43.66,44.18,43.110001,43.259998,430000,42.982431
2015-09-18,43.299999,43.52,43.040001,43.259998,1152000,42.982431
2015-09-17,44.389999,44.389999,43.240002,43.349998,351700,43.071854
2015-09-16,43.810001,44.450001,43.619999,44.389999,244400,44.105182
2015-09-15,43.060001,43.84,42.970001,43.669998,434100,43.3898
2015-09-14,44.00,44.189999,43.060001,43.130001,396800,42.853268
2015-09-11,44.049999,44.490002,43.950001,44.259998,216700,43.976015
2015-09-10,44.720001,45.18,44.220001,44.32,197900,44.035631
2015-09-09,45.810001,45.810001,44.68,44.740002,143700,44.452938
2015-09-08,45.080002,45.639999,44.830002,45.400002,208200,45.108703
2015-09-04,44.720001,45.009998,44.310001,44.360001,179200,44.075375
2015-09-03,45.220001,45.84,44.970001,45.43,495700,45.13851
2015-09-02,44.77,45.200001,44.560001,45.169998,346900,44.880176
2015-09-01,44.560001,45.310001,44.00,44.060001,306100,43.777301
2015-08-31,44.790001,46.07,44.50,45.599998,350700,45.307417
2015-08-28,44.540001,45.43,44.450001,44.830002,314800,44.542361
2015-08-27,44.240002,45.060001,43.82,44.93,588300,44.641718
2015-08-26,44.23,44.720001,43.299999,43.970001,440700,43.687878
2015-08-25,45.220001,45.220001,43.349998,43.400002,771600,43.121536
2015-08-24,42.619999,45.07,42.009998,43.639999,704400,43.359994
2015-08-21,45.860001,46.700001,45.099998,45.169998,897300,44.880176
2015-08-20,47.419998,47.540001,46.540001,46.560001,367900,46.26126
2015-08-19,47.91,48.470001,47.650002,47.75,333700,47.443624
2015-08-18,48.50,48.810001,48.259998,48.41,285600,48.099389
2015-08-17,48.25,48.889999,47.799999,48.560001,345400,48.248428
2015-08-14,47.830002,48.580002,47.669998,48.259998,279600,47.95035
2015-08-13,48.25,48.470001,47.93,48.009998,157800,47.701954
2015-08-12,47.57,48.459999,47.240002,48.310001,318300,47.900675
2015-08-11,48.599998,48.900002,48.169998,48.27,197900,47.861013
2015-08-10,48.709999,49.580002,48.650002,49.299999,230700,48.882284
2015-08-07,47.830002,48.279999,47.799999,48.220001,469300,47.811437
2015-08-06,48.189999,48.380001,47.84,48.130001,302900,47.722199
2015-08-05,48.049999,48.57,47.970001,47.990002,566500,47.583386
2015-08-04,48.669998,49.529999,47.880001,47.91,427300,47.504062
2015-08-03,49.459999,49.459999,47.98,48.580002,294200,48.168387
2015-07-31,48.82,49.540001,48.709999,49.360001,569400,48.941777
2015-07-30,48.23,48.799999,47.849998,48.68,343100,48.267539
2015-07-29,47.509998,48.759998,47.360001,48.549999,315400,48.138639
2015-07-28,47.040001,47.900002,46.41,47.73,403300,47.325587
2015-07-27,47.060001,47.34,46.619999,46.939999,442800,46.54228
2015-07-24,48.299999,48.34,47.310001,47.369999,414100,46.968637
2015-07-23,49.139999,49.639999,48.549999,48.580002,620300,48.168387
2015-07-22,48.959999,49.75,48.950001,49.25,798600,48.832709
2015-07-21,50.50,51.700001,48.630001,49.049999,1913500,48.634403
2015-07-20,54.060001,54.27,53.240002,53.369999,393100,52.917799
2015-07-17,54.299999,54.360001,53.450001,53.529999,582500,53.076443
2015-07-16,54.200001,54.740002,54.00,54.080002,229600,53.621786
2015-07-15,54.619999,54.619999,53.970001,54.139999,195800,53.681276
2015-07-14,53.299999,54.639999,53.110001,54.52,477400,54.058057
2015-07-13,53.869999,53.91,52.970001,53.189999,434600,52.739324
2015-07-10,53.68,53.880001,53.220001,53.380001,346000,52.927717
2015-07-09,53.860001,54.349998,52.91,52.919998,396200,52.471611
2015-07-08,53.75,54.299999,53.00,53.459999,358400,53.007037
2015-07-07,54.779999,54.779999,53.220001,54.27,386700,53.810175
2015-07-06,54.50,55.310001,54.279999,54.66,399700,54.19687
2015-07-02,55.16,55.220001,54.59,54.799999,359100,54.335683
2015-07-01,55.59,55.59,54.900002,54.990002,419500,54.524076
2015-06-30,55.23,55.369999,54.799999,54.990002,271400,54.524076
2015-06-29,55.580002,56.389999,54.860001,54.939999,373400,54.474496
2015-06-26,56.380001,56.549999,55.950001,56.400002,795800,55.922129
2015-06-25,56.32,56.380001,55.790001,56.099998,321600,55.624668
2015-06-24,55.75,56.380001,55.700001,56.25,473900,55.773398
2015-06-23,55.720001,55.93,55.630001,55.830002,301300,55.356959
2015-06-22,55.689999,55.91,55.32,55.68,253300,55.208228
2015-06-19,55.630001,55.720001,55.209999,55.310001,401100,54.841364
2015-06-18,55.060001,55.959999,54.75,55.560001,389800,55.089246
2015-06-17,54.650002,55.450001,54.560001,54.82,583300,54.355514
2015-06-16,53.91,54.650002,53.599998,54.529999,460300,54.06797
2015-06-15,53.650002,54.099998,53.049999,54.09,371100,53.6317
2015-06-12,53.900002,54.169998,53.639999,53.919998,291100,53.463138
2015-06-11,54.380001,54.380001,53.669998,54.200001,259100,53.740769
2015-06-10,53.330002,54.450001,53.330002,54.029999,542500,53.572207
2015-06-09,53.52,53.549999,53.150002,53.459999,322400,53.007037
2015-06-08,54.189999,54.189999,53.16,53.52,318800,53.06653
2015-06-05,53.07,54.130001,52.810001,54.049999,467500,53.592038
2015-06-04,52.490002,53.150002,51.919998,53.009998,673000,52.560849
2015-06-03,52.049999,52.98,51.919998,52.959999,364500,52.511273
2015-06-02,51.470001,52.470001,51.400002,51.889999,377300,51.45034
2015-06-01,51.169998,51.790001,50.560001,51.759998,350600,51.32144
2015-05-29,51.75,51.93,50.639999,50.939999,316300,50.508388
2015-05-28,52.439999,52.50,51.52,51.810001,331400,51.371019
2015-05-27,52.360001,52.50,51.77,52.41,454300,51.965934
2015-05-26,52.720001,53.57,51.900002,52.139999,370600,51.698221
2015-05-22,53.799999,54.299999,52.900002,53.16,398800,52.709579
2015-05-21,52.610001,54.59,52.450001,53.790001,756900,53.334243
2015-05-20,50.93,51.279999,50.59,51.080002,196100,50.647205
2015-05-19,51.25,51.25,50.299999,50.759998,284400,50.329913
2015-05-18,50.48,51.299999,50.439999,51.25,255900,50.815763
2015-05-15,50.50,50.75,50.439999,50.650002,301500,50.220848
2015-05-14,49.91,50.66,49.68,50.66,306100,50.230762
2015-05-13,49.279999,49.939999,49.009998,49.849998,253300,49.328468
2015-05-12,48.610001,49.220001,48.150002,49.16,252100,48.645689
2015-05-11,48.560001,49.099998,48.419998,49.009998,312700,48.497256
2015-05-08,48.650002,49.049999,48.299999,48.66,448800,48.15092
2015-05-07,47.279999,48.369999,47.07,47.990002,473100,47.487931
2015-05-06,46.880001,47.400002,46.369999,47.389999,285600,46.894206
2015-05-05,47.09,47.630001,46.400002,46.84,437000,46.349961
2015-05-04,47.439999,47.939999,47.25,47.389999,260600,46.894206
2015-05-01,47.099998,47.82,46.84,47.349998,191600,46.854623
2015-04-30,48.060001,48.279999,46.959999,47.049999,372200,46.557763
2015-04-29,48.779999,48.959999,48.27,48.52,151400,48.012385
2015-04-28,48.799999,49.110001,48.48,48.959999,131200,48.44778
2015-04-27,48.540001,49.150002,48.450001,48.790001,261100,48.279561
2015-04-24,49.200001,49.419998,48.330002,48.459999,202200,47.953011
2015-04-23,48.669998,49.139999,48.610001,49.00,164500,48.487363
2015-04-22,48.68,49.16,47.900002,48.93,395900,48.418095
2015-04-21,48.849998,50.669998,48.25,49.130001,460900,48.616004
2015-04-20,48.07,49.049999,48.07,48.580002,330100,48.071759
2015-04-17,49.080002,49.150002,48.32,48.790001,344200,48.279561
2015-04-16,49.439999,49.700001,49.220001,49.360001,170700,48.843597
2015-04-15,49.439999,50.040001,49.240002,49.709999,215800,49.189934
2015-04-14,49.259998,49.630001,48.860001,49.299999,187700,48.784223
2015-04-13,49.189999,49.779999,49.18,49.259998,136200,48.744641
2015-04-10,49.049999,49.259998,48.830002,49.200001,183900,48.685271
2015-04-09,48.34,49.049999,48.290001,48.740002,350400,48.230084
2015-04-08,48.34,48.560001,47.91,48.529999,290000,48.022279
2015-04-07,50.029999,50.029999,48.290001,48.360001,678000,47.854059
2015-04-06,50.509998,51.549999,50.50,51.419998,341400,50.882043
2015-04-02,50.91,51.490002,50.459999,50.950001,151700,50.416963
2015-04-01,50.810001,51.080002,50.150002,50.91,155800,50.37738
2015-03-31,50.639999,51.110001,50.41,51.009998,288900,50.476332
2015-03-30,50.610001,51.169998,50.529999,50.98,148500,50.446647
2015-03-27,50.049999,50.48,49.91,50.41,177700,49.882611
2015-03-26,50.470001,50.900002,50.049999,50.290001,434400,49.763868
2015-03-25,51.00,51.43,50.580002,50.599998,453200,50.070622
2015-03-24,50.610001,50.990002,50.299999,50.919998,138500,50.387274
2015-03-23,50.529999,50.889999,50.049999,50.709999,218700,50.179472
2015-03-20,50.310001,50.849998,50.099998,50.73,525000,50.199263
2015-03-19,50.130001,50.299999,49.790001,49.93,117500,49.407633
2015-03-18,49.34,50.700001,48.959999,50.43,200100,49.902402
2015-03-17,49.189999,49.57,48.639999,49.419998,208600,48.902967
2015-03-16,49.060001,49.639999,48.880001,49.48,222100,48.96234
2015-03-13,49.380001,49.380001,48.07,48.779999,212000,48.269663
2015-03-12,48.630001,49.529999,48.25,49.389999,322600,48.873282
2015-03-11,47.860001,48.23,47.540001,48.189999,286900,47.685836
2015-03-10,48.400002,48.639999,47.860001,47.919998,233600,47.41866
2015-03-09,48.040001,49.080002,47.509998,48.919998,301400,48.408198
2015-03-06,48.060001,48.509998,47.549999,47.830002,199600,47.329605
2015-03-05,48.810001,49.150002,48.049999,48.650002,215700,48.141026
2015-03-04,48.220001,48.709999,47.880001,48.630001,213100,48.121235
2015-03-03,48.669998,48.970001,48.34,48.540001,207400,48.032176
2015-03-02,48.549999,49.040001,48.27,48.98,276800,48.467571
2015-02-27,49.00,49.330002,48.52,48.549999,179600,48.04207
2015-02-26,49.02,49.610001,48.810001,49.16,195500,48.645689
2015-02-25,49.450001,49.689999,48.900002,49.209999,304100,48.695165
2015-02-24,48.73,49.400002,48.700001,49.389999,314900,48.873282
2015-02-23,48.490002,48.75,48.130001,48.599998,213300,48.091546
2015-02-20,48.330002,48.91,47.509998,48.75,313800,48.239978
2015-02-19,48.369999,48.630001,47.16,48.25,311000,47.745209
2015-02-18,48.77,49.610001,48.139999,48.650002,437900,48.141026
2015-02-17,48.490002,49.509998,48.110001,49.02,324000,48.507154
2015-02-13,48.41,49.419998,48.139999,48.59,331700,48.081652
2015-02-12,48.490002,48.799999,48.049999,48.48,226600,47.972802
2015-02-11,48.049999,48.330002,47.740002,48.130001,294100,47.626466
2015-02-10,48.57,48.580002,47.990002,48.220001,385900,47.616571
2015-02-09,47.389999,48.459999,47.029999,48.119999,400700,47.51782
2015-02-06,47.16,47.91,46.689999,47.66,321100,47.063577
2015-02-05,46.580002,47.07,46.220001,47.040001,308300,46.451337
2015-02-04,46.529999,46.91,45.939999,46.09,248700,45.513225
2015-02-03,45.650002,46.919998,45.369999,46.91,359200,46.322963
2015-02-02,44.689999,45.330002,44.169998,45.310001,255000,44.742987
2015-01-30,45.169998,45.619999,44.560001,44.610001,271500,44.051746
2015-01-29,45.169998,45.720001,44.549999,45.630001,243800,45.058982
2015-01-28,45.57,45.82,44.75,44.939999,355900,44.377614
2015-01-27,45.09,45.759998,44.860001,45.189999,267700,44.624486
2015-01-26,45.470001,46.630001,44.549999,45.810001,470600,45.23673
2015-01-23,45.830002,46.029999,44.700001,45.360001,427600,44.79236
2015-01-22,45.369999,45.93,44.00,45.91,483000,45.335477
2015-01-21,47.119999,47.50,44.009998,44.990002,1103500,44.426992
2015-01-20,42.57,43.080002,41.860001,42.50,628700,41.96815
2015-01-16,41.84,42.639999,41.509998,42.259998,766700,41.731152
2015-01-15,42.75,43.700001,41.009998,42.27,735100,41.741029
2015-01-14,43.150002,43.619999,42.950001,43.490002,658500,42.945763
2015-01-13,45.099998,45.32,43.310001,43.450001,706400,42.906262
2015-01-12,46.119999,46.209999,44.549999,44.639999,595000,44.081369
2015-01-09,47.400002,48.060001,46.189999,46.25,341700,45.671222
2015-01-08,48.130001,48.41,47.360001,47.389999,393800,46.796956
2015-01-07,47.619999,47.82,47.18,47.630001,368400,47.033954
2015-01-06,47.759998,47.830002,46.75,47.189999,352300,46.599458
2015-01-05,48.189999,48.360001,47.259998,47.529999,438200,46.935203
2015-01-02,49.50,49.580002,48.060001,48.580002,203300,47.972066
2014-12-31,50.130001,50.580002,49.200001,49.23,177100,48.61393
2014-12-30,50.099998,50.389999,49.68,49.869999,242300,49.24592
2014-12-29,50.27,50.700001,50.029999,50.25,185700,49.621166
2014-12-26,50.619999,50.779999,50.23,50.299999,137300,49.670539
2014-12-24,50.200001,50.68,49.740002,50.439999,70300,49.808787
2014-12-23,50.16,50.400002,49.790001,50.00,211600,49.374294
2014-12-22,49.810001,50.099998,49.439999,50.040001,230100,49.413795
2014-12-19,49.490002,49.919998,49.080002,49.799999,518300,49.176796
2014-12-18,49.48,49.82,48.759998,49.599998,331800,48.979298
2014-12-17,47.549999,48.82,47.27,48.779999,340300,48.16956
2014-12-16,47.02,48.220001,46.580002,47.50,659100,46.90558
2014-12-15,48.439999,48.669998,46.91,47.02,418700,46.431587
2014-12-12,49.00,49.279999,47.790001,48.040001,302000,47.438823
2014-12-11,50.00,50.34,49.549999,49.700001,184300,49.078049
2014-12-10,50.830002,51.310001,49.59,49.610001,195300,48.989175
2014-12-09,50.080002,51.419998,50.080002,51.189999,305500,50.549401
2014-12-08,51.400002,51.630001,50.48,50.700001,195900,50.065535
2014-12-05,51.490002,52.080002,51.360001,51.560001,289100,50.914774
2014-12-04,51.950001,52.029999,51.240002,51.52,203900,50.875273
2014-12-03,51.560001,52.43,50.990002,51.959999,309800,51.309766
2014-12-02,51.330002,51.669998,51.00,51.490002,229300,50.84565
2014-12-01,51.619999,51.849998,50.869999,51.130001,309000,50.490154
2014-11-28,52.709999,52.720001,51.529999,51.68,145500,51.033271
2014-11-26,52.869999,52.869999,52.369999,52.599998,194900,51.941756
2014-11-25,53.029999,53.130001,52.59,52.77,202000,52.109631
2014-11-24,52.110001,53.029999,51.669998,53.029999,266700,52.366375
2014-11-21,52.27,52.330002,51.689999,51.82,227300,51.171518
2014-11-20,50.689999,51.59,50.57,51.529999,299700,50.885146
2014-11-19,51.07,51.330002,50.610001,51.080002,287200,50.440781
2014-11-18,51.349998,52.07,51.150002,51.290001,287000,50.648152
2014-11-17,51.099998,51.759998,51.099998,51.189999,313800,50.549401
2014-11-14,50.32,51.209999,50.32,51.029999,378600,50.391404
2014-11-13,51.07,51.25,50.080002,50.139999,386900,49.512542
2014-11-12,48.490002,51.27,48.490002,51.23,474500,50.509903
2014-11-11,51.52,51.52,47.169998,48.700001,1184500,48.015466
2014-11-10,51.599998,51.830002,51.099998,51.810001,325800,51.081752
2014-11-07,51.68,51.740002,51.189999,51.580002,221200,50.854986
2014-11-06,51.419998,51.880001,51.080002,51.75,152000,51.022594
2014-11-05,51.240002,51.650002,50.810001,51.209999,122400,50.490184
2014-11-04,50.880001,51.57,50.639999,50.799999,254800,50.085947
2014-11-03,51.169998,51.48,50.599998,51.07,300900,50.352152
2014-10-31,51.599998,51.599998,50.389999,51.209999,304100,50.490184
2014-10-30,49.540001,50.68,48.66,50.439999,275500,49.731007
2014-10-29,49.880001,50.200001,49.369999,49.84,234600,49.139442
2014-10-28,48.450001,49.740002,48.450001,49.66,380400,48.961972
2014-10-27,48.139999,48.360001,47.84,48.310001,185900,47.630949
2014-10-24,48.650002,48.950001,48.290001,48.470001,181900,47.7887
2014-10-23,48.259998,49.279999,48.259998,48.50,268700,47.818277
2014-10-22,48.50,48.689999,47.580002,47.639999,168400,46.970365
2014-10-21,47.75,48.889999,47.57,48.50,210500,47.818277
2014-10-20,46.52,47.59,46.470001,47.540001,272200,46.871772
2014-10-17,47.450001,47.75,46.450001,46.599998,222100,45.944982
2014-10-16,45.68,47.02,45.68,46.77,362100,46.112594
2014-10-15,45.220001,46.869999,44.790001,46.43,362900,45.777373
2014-10-14,45.889999,47.02,45.23,45.939999,392700,45.294259
2014-10-13,45.599998,46.459999,44.990002,45.450001,319500,44.811149
2014-10-10,45.689999,46.619999,45.43,45.490002,271100,44.850588
2014-10-09,47.27,47.459999,45.900002,45.959999,261500,45.313979
2014-10-08,46.84,47.759998,46.52,47.439999,518500,46.773175
2014-10-07,47.130001,47.720001,46.919998,46.950001,265400,46.290065
2014-10-06,47.389999,47.93,47.330002,47.599998,166000,46.930926
2014-10-03,47.509998,47.700001,47.189999,47.330002,198300,46.664724
2014-10-02,46.43,47.41,46.27,46.970001,381600,46.309784
2014-10-01,47.459999,47.84,46.529999,46.549999,423000,45.895686
2014-09-30,48.709999,48.860001,47.580002,47.619999,348700,46.950645
2014-09-29,48.439999,48.959999,48.150002,48.57,175800,47.887293
2014-09-26,48.669998,48.82,48.349998,48.740002,190100,48.054905
2014-09-25,49.549999,49.73,48.52,48.66,263100,47.976028
2014-09-24,49.599998,50.02,49.41,49.720001,131900,49.02113
2014-09-23,49.549999,49.84,49.369999,49.599998,297200,48.902814
2014-09-22,50.360001,50.709999,49.650002,49.669998,230900,48.971829
2014-09-19,51.50,51.50,50.130001,50.610001,501000,49.898619
2014-09-18,51.43,51.59,51.139999,51.380001,122700,50.657796
2014-09-17,51.040001,51.599998,50.959999,51.119999,198100,50.401449
2014-09-16,50.810001,51.299999,50.50,51.080002,303600,50.362014
2014-09-15,51.049999,51.150002,50.560001,50.93,186100,50.214121
2014-09-12,51.709999,51.869999,50.709999,50.98,190500,50.263417
2014-09-11,51.220001,51.759998,51.18,51.669998,203800,50.943717
2014-09-10,50.970001,51.709999,50.75,51.529999,171500,50.805686
2014-09-09,51.740002,51.830002,51.009998,51.029999,210500,50.312714
2014-09-08,52.439999,52.790001,51.709999,51.91,227200,51.180345
2014-09-05,52.119999,52.689999,51.82,52.450001,163300,51.712756
2014-09-04,52.740002,53.060001,52.259998,52.330002,335900,51.594444
2014-09-03,52.630001,52.759998,52.369999,52.66,280200,51.919803
2014-09-02,52.43,53.139999,51.970001,52.560001,310900,51.82121
2014-08-29,51.959999,52.290001,51.669998,52.23,132800,51.495847
2014-08-28,52.16,52.549999,51.580002,51.91,256200,51.180345
2014-08-27,52.279999,52.349998,51.889999,52.279999,231400,51.545143
2014-08-26,52.200001,52.459999,51.98,52.099998,277800,51.367673
2014-08-25,52.049999,52.380001,51.830002,52.049999,137100,51.318377
2014-08-22,52.139999,52.139999,51.290001,51.669998,244400,50.943717
2014-08-21,52.669998,52.759998,51.68,52.080002,219700,51.347958
2014-08-20,52.48,52.73,52.290001,52.610001,194300,51.870507
2014-08-19,52.709999,52.939999,52.470001,52.75,276800,52.008538
2014-08-18,51.849998,52.669998,51.650002,52.639999,251900,51.900084
2014-08-15,51.830002,51.830002,50.880001,51.400002,266200,50.677516
2014-08-14,51.349998,51.630001,51.02,51.41,199200,50.608499
2014-08-13,50.919998,51.380001,50.619999,51.360001,217600,50.559279
2014-08-12,50.630001,51.669998,50.529999,50.889999,200500,50.096605
2014-08-11,50.619999,51.240002,50.619999,51.00,233300,50.204891
2014-08-08,49.700001,50.619999,49.700001,50.529999,119300,49.742217
2014-08-07,50.330002,50.509998,49.689999,49.810001,295100,49.033445
2014-08-06,50.18,50.299999,49.849998,50.18,184700,49.397676
2014-08-05,50.16,50.790001,50.02,50.389999,225400,49.604401
2014-08-04,50.099998,50.52,49.75,50.509998,393500,49.722529
2014-08-01,49.869999,50.169998,49.59,50.09,584400,49.309079
2014-07-31,49.509998,50.25,49.049999,49.959999,693600,49.181104
2014-07-30,50.290001,50.310001,49.880001,50.25,344500,49.466584
2014-07-29,49.77,50.34,49.549999,49.93,370800,49.151573
2014-07-28,50.50,50.939999,49.50,49.779999,250200,49.00391
2014-07-25,50.529999,51.380001,50.50,50.59,256700,49.801283
2014-07-24,51.48,51.98,50.889999,51.040001,380100,50.244268
2014-07-23,53.029999,53.029999,51.490002,51.540001,457000,50.736473
2014-07-22,51.029999,55.759998,49.68,52.970001,1650500,52.144179
2014-07-21,47.849998,48.360001,47.799999,48.139999,226500,47.389479
2014-07-18,47.200001,48.48,47.200001,48.439999,274300,47.684801
2014-07-17,47.709999,48.060001,47.310001,47.470001,264000,46.729926
2014-07-16,49.060001,49.060001,47.939999,48.09,525400,47.340259
2014-07-15,49.27,49.98,48.400002,48.669998,161800,47.911215
2014-07-14,49.290001,49.419998,48.900002,49.130001,205600,48.364046
2014-07-11,48.880001,48.93,48.360001,48.709999,141800,47.950592
2014-07-10,48.439999,49.529999,48.009998,48.82,236400,48.058878
2014-07-09,49.349998,49.48,49.07,49.43,168800,48.659368
2014-07-08,49.66,49.66,49.09,49.32,336600,48.551083
2014-07-07,49.98,49.98,49.389999,49.650002,196000,48.87594
2014-07-03,50.110001,50.439999,50.110001,50.23,133400,49.446895
2014-07-02,50.529999,50.669998,49.990002,50.080002,226700,49.299236
2014-07-01,50.25,51.25,50.049999,50.720001,422800,49.929258
2014-06-30,49.889999,50.290001,49.259998,50.18,390600,49.397676
2014-06-27,48.830002,50.200001,48.779999,50.07,1483000,49.28939
2014-06-26,48.970001,49.259998,48.25,49.18,175000,48.413266
2014-06-25,49.119999,49.529999,48.59,48.990002,222600,48.226229
2014-06-24,49.669998,50.400002,49.259998,49.32,384200,48.551083
2014-06-23,49.880001,50.00,49.50,49.849998,347000,49.072819
2014-06-20,49.59,50.099998,49.330002,50.009998,637600,49.230324
2014-06-19,49.43,49.560001,48.82,49.290001,222500,48.521552
2014-06-18,48.82,49.27,48.139999,49.169998,284300,48.40342
2014-06-17,48.919998,49.290001,48.52,48.709999,341800,47.950592
2014-06-16,49.889999,50.00,48.459999,48.93,247600,48.167164
2014-06-13,49.299999,49.610001,48.950001,49.099998,178200,48.334511
2014-06-12,49.50,49.50,48.669998,49.02,246900,48.255761
2014-06-11,50.169998,50.259998,49.549999,49.619999,273700,48.846405
2014-06-10,50.060001,50.349998,49.84,50.259998,350700,49.476426
2014-06-09,50.740002,51.119999,49.759998,50.00,455000,49.220482
2014-06-06,50.419998,50.990002,50.07,50.990002,654200,50.195049
2014-06-05,46.080002,50.09,45.970001,49.98,1403300,49.200793
2014-06-04,44.369999,44.740002,44.279999,44.669998,384600,43.973576
2014-06-03,44.59,44.849998,44.360001,44.57,318700,43.875137
2014-06-02,44.75,44.790001,44.299999,44.700001,474600,44.003111
2014-05-30,45.509998,45.509998,44.68,44.700001,276100,44.003111
2014-05-29,45.98,46.18,45.150002,45.349998,190400,44.642975
2014-05-28,46.240002,46.240002,45.709999,45.75,192000,45.036741
2014-05-27,46.169998,46.57,45.82,46.349998,211000,45.627385
2014-05-23,45.099998,45.779999,44.869999,45.759998,213000,45.046583
2014-05-22,44.939999,45.310001,44.860001,44.98,168500,44.278745
2014-05-21,45.029999,45.189999,44.419998,44.939999,165200,44.239367
2014-05-20,45.57,45.57,44.279999,44.810001,373400,44.111397
2014-05-19,45.709999,46.34,45.43,45.720001,255000,45.007209
2014-05-16,45.669998,46.029999,45.07,45.860001,413000,45.145026
2014-05-15,45.360001,45.91,45.099998,45.759998,464200,45.046583
2014-05-14,46.259998,46.400002,45.75,45.759998,420000,44.967829
2014-05-13,46.66,46.669998,45.900002,46.279999,381500,45.478827
2014-05-12,45.50,46.869999,45.220001,46.689999,319000,45.88173
2014-05-09,44.369999,45.240002,44.259998,45.220001,241200,44.43718
2014-05-08,44.990002,45.400002,44.540001,44.66,306700,43.886873
2014-05-07,44.73,45.16,44.09,45.00,334600,44.220987
2014-05-06,44.990002,45.200001,44.509998,44.619999,310300,43.847565
2014-05-05,44.939999,45.470001,44.400002,45.119999,289500,44.338909
2014-05-02,44.970001,45.900002,44.93,45.34,408200,44.555102
2014-05-01,44.93,45.209999,44.259998,44.84,445900,44.063757
2014-04-30,43.93,44.880001,43.740002,44.830002,350900,44.053932
2014-04-29,44.240002,44.310001,43.889999,44.130001,310000,43.366049
2014-04-28,44.389999,44.389999,43.610001,43.939999,375800,43.179336
2014-04-25,44.220001,44.790001,43.939999,44.099998,341300,43.336566
2014-04-24,44.700001,45.09,44.00,44.529999,469500,43.759122
2014-04-23,43.299999,45.709999,43.130001,44.52,1394300,43.749297
2014-04-22,41.41,41.689999,41.209999,41.400002,382800,40.68331
2014-04-21,41.59,42.080002,41.41,41.50,267000,40.781577
2014-04-17,41.59,41.849998,41.459999,41.689999,240300,40.968287
2014-04-16,41.299999,41.639999,40.950001,41.580002,320300,40.860194
2014-04-15,40.950001,41.290001,40.139999,41.130001,203200,40.417983
2014-04-14,41.16,41.310001,40.509998,40.91,189700,40.201791
2014-04-11,40.880001,41.43,40.470001,40.689999,198000,39.985598
2014-04-10,42.110001,42.349998,41.029999,41.290001,276700,40.575213
2014-04-09,41.889999,42.369999,41.73,42.27,168800,41.538248
2014-04-08,41.400002,41.919998,40.939999,41.849998,269800,41.125517
2014-04-07,41.48,41.48,40.790001,41.279999,267800,40.565384
2014-04-04,42.450001,42.450001,41.669998,41.709999,281600,40.987941
2014-04-03,42.360001,42.360001,41.84,42.07,215700,41.341709
2014-04-02,42.330002,42.73,41.93,42.470001,160500,41.734786
2014-04-01,41.700001,42.34,41.259998,42.259998,226300,41.528419
2014-03-31,40.959999,41.84,40.790001,41.529999,254100,40.811057
2014-03-28,40.48,41.110001,40.349998,40.68,282700,39.975773
2014-03-27,40.209999,40.740002,40.09,40.52,312400,39.818543
2014-03-26,42.18,42.310001,40.139999,40.27,364600,39.572871
2014-03-25,41.73,42.349998,41.240002,41.790001,190400,41.066558
2014-03-24,41.560001,41.810001,40.91,41.509998,656900,40.791402
2014-03-21,41.639999,42.09,41.34,41.389999,552200,40.673481
2014-03-20,41.400002,41.700001,41.130001,41.560001,156100,40.84054
2014-03-19,41.669998,41.73,41.209999,41.380001,156500,40.663656
2014-03-18,41.529999,41.939999,41.400002,41.700001,257700,40.978116
2014-03-17,41.630001,42.080002,41.259998,41.439999,135600,40.722614
2014-03-14,41.139999,41.650002,41.07,41.279999,248900,40.565384
2014-03-13,42.32,42.490002,41.040001,41.299999,156600,40.585039
2014-03-12,41.91,42.110001,41.619999,42.099998,182500,41.371189
2014-03-11,42.869999,42.900002,41.970001,42.07,206100,41.341709
2014-03-10,42.790001,42.959999,42.220001,42.700001,309100,41.960804
2014-03-07,43.009998,43.290001,42.75,42.970001,201200,42.226131
2014-03-06,43.040001,43.16,42.73,42.98,275600,42.235956
2014-03-05,42.91,43.209999,42.740002,42.849998,301200,42.108205
2014-03-04,43.330002,43.439999,42.970001,43.040001,534900,42.294918
2014-03-03,43.32,43.889999,42.330002,42.650002,226400,41.911671
2014-02-28,43.360001,43.990002,43.189999,43.59,298000,42.835396
2014-02-27,43.060001,43.189999,42.720001,43.18,184000,42.432494
2014-02-26,42.869999,43.360001,42.599998,43.119999,367600,42.373532
2014-02-25,43.610001,43.610001,42.540001,42.700001,417700,41.960804
2014-02-24,43.299999,44.040001,43.130001,43.529999,258500,42.776434
2014-02-21,43.490002,43.73,42.970001,43.34,302200,42.589724
2014-02-20,42.509998,43.50,42.450001,43.259998,246500,42.511107
2014-02-19,42.759998,43.169998,42.48,42.540001,300300,41.803574
2014-02-18,43.150002,43.150002,42.560001,42.990002,248800,42.245785
2014-02-14,42.919998,43.23,42.529999,43.099998,210300,42.353877
2014-02-13,41.889999,43.099998,41.889999,42.950001,266100,42.206476
2014-02-12,42.009998,42.490002,41.830002,42.330002,172900,41.59721
2014-02-11,41.639999,42.200001,41.540001,42.09,181800,41.282749
2014-02-10,41.970001,42.169998,41.400002,41.66,254300,40.860996
2014-02-07,41.389999,42.099998,41.369999,42.07,301700,41.263132
2014-02-06,40.889999,41.389999,40.889999,41.32,293500,40.527517
2014-02-05,40.790001,41.279999,40.34,40.82,486100,40.037106
2014-02-04,40.43,41.18,40.279999,40.959999,616300,40.17442
2014-02-03,42.970001,43.27,40.189999,40.330002,1031300,39.556506
2014-01-31,42.50,43.650002,42.50,42.849998,267300,42.028171
2014-01-30,43.209999,43.549999,42.77,43.310001,443500,42.479352
2014-01-29,43.490002,43.939999,42.91,42.919998,449300,42.096828
2014-01-28,43.919998,44.049999,43.52,43.790001,530600,42.950145
2014-01-27,44.040001,44.599998,43.75,43.75,671800,42.910912
2014-01-24,43.939999,44.41,43.639999,44.060001,780700,43.214967
2014-01-23,44.599998,44.599998,44.07,44.41,672500,43.558253
2014-01-22,43.509998,45.040001,43.09,44.830002,782200,43.9702
2014-01-21,46.349998,46.360001,44.610001,44.610001,469400,43.754418
2014-01-17,46.529999,46.619999,46.009998,46.23,500200,45.343347
2014-01-16,46.48,46.66,46.189999,46.57,237400,45.676826
2014-01-15,46.290001,46.689999,46.18,46.529999,228000,45.637592
2014-01-14,45.880001,46.34,45.509998,46.279999,805500,45.392387
2014-01-13,45.950001,46.110001,45.490002,45.779999,357700,44.901977
2014-01-10,45.709999,46.27,45.459999,46.169998,440900,45.284496
2014-01-09,45.630001,46.119999,44.849998,45.580002,394300,44.705815
2014-01-08,44.709999,45.23,44.23,44.869999,266600,44.00943
2014-01-07,44.389999,45.00,44.00,44.790001,634800,43.930966
2014-01-06,45.240002,45.299999,44.00,44.07,266100,43.224774
2014-01-03,44.93,45.380001,44.490002,44.900002,287800,44.038857
2014-01-02,45.34,45.50,44.599998,44.919998,276400,44.05847
2013-12-31,46.00,46.040001,45.459999,45.610001,321700,44.735239
2013-12-30,45.939999,46.130001,45.619999,45.91,159700,45.029484
2013-12-27,46.169998,46.200001,45.540001,45.830002,234000,44.951021
2013-12-26,45.59,46.23,45.43,45.98,362700,45.098142
2013-12-24,44.990002,45.630001,44.830002,45.450001,158900,44.578308
2013-12-23,44.830002,45.119999,44.669998,45.07,222000,44.205595
2013-12-20,43.950001,44.799999,43.540001,44.650002,598200,43.793652
2013-12-19,44.00,44.09,43.509998,43.970001,236500,43.126693
2013-12-18,43.43,44.169998,42.98,44.150002,253900,43.303241
2013-12-17,43.48,43.50,43.009998,43.259998,313800,42.430308
2013-12-16,42.549999,43.720001,42.549999,43.580002,370900,42.744174
2013-12-13,42.400002,42.669998,41.939999,42.400002,228900,41.586805
2013-12-12,42.299999,42.50,41.93,42.32,210600,41.508337
2013-12-11,43.029999,43.029999,42.07,42.220001,258200,41.410257
2013-12-10,43.040001,43.73,42.689999,42.880001,347600,42.057598
2013-12-09,43.990002,44.00,43.060001,43.240002,295200,42.410695
2013-12-06,43.48,43.91,43.099998,43.709999,345100,42.871678
2013-12-05,42.759998,43.040001,42.41,42.91,319800,42.087022
2013-12-04,42.529999,43.119999,42.369999,42.880001,451700,42.057598
2013-12-03,42.470001,42.889999,42.470001,42.830002,378600,42.008558
2013-12-02,43.009998,43.369999,42.490002,42.509998,397700,41.694692
2013-11-29,43.470001,43.529999,42.869999,42.900002,155200,42.077215
2013-11-27,42.889999,43.220001,42.509998,43.200001,424300,42.371461
2013-11-26,42.330002,42.919998,42.09,42.790001,299000,41.969324
2013-11-25,42.25,42.389999,41.970001,42.360001,277400,41.547571
2013-11-22,42.209999,42.380001,41.889999,42.25,320400,41.43968
2013-11-21,41.380001,42.27,40.740002,42.139999,380400,41.331789
2013-11-20,41.450001,41.599998,41.02,41.16,361600,40.370585
2013-11-19,41.25,41.50,41.00,41.240002,500600,40.449053
2013-11-18,40.040001,41.389999,39.93,41.330002,579800,40.537327
2013-11-15,39.389999,40.23,39.27,39.950001,529800,39.183793
2013-11-14,39.299999,39.529999,39.07,39.43,314400,38.673766
2013-11-13,40.560001,40.700001,38.880001,39.450001,641200,38.614916
2013-11-12,39.080002,39.490002,38.799999,39.25,614500,38.419149
2013-11-11,39.110001,39.360001,38.880001,39.169998,420700,38.340841
2013-11-08,39.380001,39.900002,39.049999,39.32,400800,38.487667
2013-11-07,40.299999,40.310001,39.380001,39.400002,302900,38.565976
2013-11-06,40.00,40.110001,39.299999,40.049999,229600,39.202214
2013-11-05,40.049999,40.110001,39.57,39.68,235300,38.840047
2013-11-04,40.119999,40.57,39.869999,40.369999,257400,39.51544
2013-11-01,39.959999,40.09,38.990002,39.889999,557900,39.045601
2013-10-31,40.369999,40.419998,39.830002,40.09,451000,39.241368
2013-10-30,41.259998,41.360001,40.32,40.43,205300,39.574171
2013-10-29,41.220001,41.540001,40.84,41.310001,149100,40.435544
2013-10-28,40.990002,41.32,40.830002,41.119999,153600,40.249564
2013-10-25,41.00,41.209999,40.650002,41.169998,148700,40.298505
2013-10-24,40.91,41.279999,40.68,40.84,187700,39.975492
2013-10-23,40.669998,41.130001,40.23,40.790001,303800,39.926551
2013-10-22,40.029999,40.970001,40.029999,40.84,509700,39.975492
2013-10-21,39.950001,40.299999,39.77,40.009998,477000,39.16306
2013-10-18,40.310001,40.48,39.959999,40.029999,564400,39.182637
2013-10-17,40.169998,40.630001,39.939999,40.200001,282000,39.34904
2013-10-16,40.470001,40.610001,39.939999,40.34,308200,39.486076
2013-10-15,41.810001,41.810001,40.029999,40.07,378400,39.221791
2013-10-14,41.00,42.169998,40.959999,42.07,235800,41.179455
2013-10-11,41.48,41.529999,41.189999,41.52,367200,40.641098
2013-10-10,41.09,41.759998,40.529999,41.560001,297300,40.680252
2013-10-09,40.50,40.779999,40.080002,40.48,285100,39.623112
2013-10-08,40.619999,40.990002,40.240002,40.360001,257800,39.505653
2013-10-07,40.610001,41.07,40.599998,40.689999,257500,39.828666
2013-10-04,40.200001,41.00,40.060001,40.919998,216100,40.053797
2013-10-03,40.380001,40.580002,39.50,40.299999,293000,39.446922
2013-10-02,40.599998,41.349998,40.029999,40.470001,300200,39.613325
2013-10-01,40.84,41.689999,40.650002,40.990002,555100,40.122318
2013-09-30,40.689999,41.209999,40.610001,40.830002,326900,39.965705
2013-09-27,41.259998,41.450001,41.009998,41.049999,225000,40.181046
2013-09-26,41.610001,41.919998,41.330002,41.580002,294100,40.699829
2013-09-25,41.98,42.23,41.619999,41.630001,264700,40.74877
2013-09-24,41.75,42.400002,41.549999,41.990002,252400,41.10115
2013-09-23,41.68,41.959999,41.450001,41.75,259800,40.866229
2013-09-20,41.689999,41.950001,41.57,41.849998,538600,40.96411
2013-09-19,41.00,41.689999,40.950001,41.599998,182700,40.719403
2013-09-18,41.00,41.290001,40.599998,40.869999,256400,40.004856
2013-09-17,40.400002,40.990002,40.360001,40.950001,201300,40.083164
2013-09-16,41.490002,41.490002,40.18,40.439999,271500,39.583958
2013-09-13,41.040001,41.040001,40.439999,40.900002,114600,40.034223
2013-09-12,41.150002,41.43,40.779999,40.82,121800,39.955915
2013-09-11,40.93,41.290001,40.560001,41.189999,176200,40.318082
2013-09-10,41.029999,41.68,40.98,41.080002,268100,40.210413
2013-09-09,40.380001,40.93,40.380001,40.669998,286600,39.809089
2013-09-06,39.310001,40.290001,39.060001,40.16,349400,39.309886
2013-09-05,38.950001,39.400002,38.619999,39.240002,208400,38.409363
2013-09-04,38.59,39.02,38.259998,39.00,349500,38.174441
2013-09-03,39.25,39.48,38.00,38.650002,517400,37.831852
2013-08-30,39.48,39.50,38.540001,38.560001,216400,37.743757
2013-08-29,39.119999,39.720001,39.09,39.580002,233300,38.742166
2013-08-28,39.200001,39.509998,39.16,39.189999,138900,38.360418
2013-08-27,39.77,40.09,39.220001,39.25,242500,38.419149
2013-08-26,40.689999,40.900002,40.349998,40.41,171300,39.554594
2013-08-23,40.810001,40.880001,40.200001,40.599998,144900,39.740571
2013-08-22,40.299999,41.040001,40.200001,40.799999,137500,39.936338
2013-08-21,40.66,40.84,40.110001,40.139999,141200,39.290309
2013-08-20,40.700001,41.18,40.630001,40.939999,303600,40.073374
2013-08-19,40.720001,41.049999,40.50,40.599998,512200,39.740571
2013-08-16,40.450001,41.279999,40.27,40.990002,302900,40.122318
2013-08-15,41.41,41.470001,40.41,40.720001,426500,39.779728
2013-08-14,42.139999,42.360001,41.919998,42.00,94700,41.03017
2013-08-13,42.490002,42.549999,42.080002,42.360001,137900,41.381857
2013-08-12,41.139999,42.459999,41.139999,42.450001,181700,41.469779
2013-08-09,41.490002,41.799999,41.209999,41.52,147200,40.561254
2013-08-08,41.380001,41.790001,41.080002,41.709999,238500,40.746865
2013-08-07,41.18,41.459999,40.549999,41.040001,357800,40.092338
2013-08-06,42.25,42.299999,41.189999,41.25,295500,40.297488
2013-08-05,42.130001,42.419998,42.029999,42.349998,177900,41.372086
2013-08-02,42.18,42.400002,41.779999,42.299999,210700,41.323242
2013-08-01,41.450001,42.720001,41.060001,42.470001,479600,41.489318
2013-07-31,41.189999,41.43,40.66,40.919998,354400,39.975106
2013-07-30,41.139999,41.599998,40.869999,40.98,311500,40.033722
2013-07-29,41.529999,41.889999,40.50,40.860001,460300,39.916494
2013-07-26,40.16,42.889999,40.150002,41.130001,925900,40.18026
2013-07-25,41.549999,42.290001,40.450001,41.07,822500,40.121644
2013-07-24,42.389999,42.57,41.470001,41.490002,468600,40.531948
2013-07-23,42.34,42.580002,42.119999,42.389999,157200,41.411164
2013-07-22,41.990002,42.610001,41.990002,42.25,140500,41.274397
2013-07-19,42.00,42.34,41.82,42.27,136700,41.293936
2013-07-18,41.610001,42.049999,41.610001,42.040001,133000,41.069247
2013-07-17,41.220001,42.00,41.220001,41.41,157800,40.453793
2013-07-16,41.650002,42.00,41.490002,41.560001,343000,40.600331
2013-07-15,41.50,41.900002,41.360001,41.73,185300,40.766404
2013-07-12,40.84,41.549999,40.57,41.349998,381600,40.395178
2013-07-11,41.57,41.709999,40.48,40.869999,472100,39.926262
2013-07-10,41.189999,41.700001,40.849998,40.919998,324900,39.975106
2013-07-09,41.77,42.049999,41.060001,41.889999,189700,40.922709
2013-07-08,41.509998,41.75,41.330002,41.419998,179400,40.463561
2013-07-05,41.50,41.630001,40.610001,41.389999,202500,40.434255
2013-07-03,40.00,40.610001,39.990002,40.490002,161200,39.555039
2013-07-02,40.900002,41.169998,39.950001,40.32,335500,39.388963
2013-07-01,40.049999,41.240002,39.669998,40.990002,276500,40.043493
2013-06-28,39.900002,40.32,39.689999,40.00,569900,39.076352
2013-06-27,39.810001,40.189999,39.810001,40.099998,251600,39.174042
2013-06-26,39.470001,39.66,38.889999,39.41,406500,38.499976
2013-06-25,39.540001,39.759998,39.00,39.080002,539400,38.177598
2013-06-24,39.98,40.580002,39.130001,39.169998,297300,38.265516
2013-06-21,40.23,40.919998,40.110001,40.310001,858500,39.379195
2013-06-20,40.490002,40.669998,39.700001,40.16,509900,39.232657
2013-06-19,40.779999,41.049999,40.50,40.650002,174300,39.711344
2013-06-18,40.91,41.009998,40.650002,40.91,328600,39.965339
2013-06-17,41.00,41.00,40.509998,40.759998,460700,39.818801
2013-06-14,40.950001,41.00,40.360001,40.490002,209000,39.555039
2013-06-13,40.099998,41.00,39.950001,40.939999,247900,39.994645
2013-06-12,41.00,41.00,39.93,40.049999,299400,39.125197
2013-06-11,40.41,41.240002,40.189999,40.689999,236800,39.750418
2013-06-10,41.139999,41.369999,40.32,41.060001,317800,40.111877
2013-06-07,40.029999,40.98,39.900002,40.860001,306600,39.916494
2013-06-06,39.529999,40.07,39.48,40.049999,430600,39.125197
2013-06-05,39.43,39.77,39.43,39.560001,481800,38.646514
2013-06-04,40.299999,40.650002,39.50,39.57,574500,38.656281
2013-06-03,40.00,40.330002,39.18,40.18,945800,39.252196
2013-05-31,38.790001,39.459999,38.700001,39.150002,323300,38.245981
2013-05-30,38.77,39.380001,38.259998,39.139999,330600,38.23621
2013-05-29,38.650002,39.209999,38.549999,38.709999,570300,37.816139
2013-05-28,38.82,39.220001,37.66,39.040001,262200,38.138521
2013-05-24,38.25,38.290001,37.630001,38.130001,179200,37.249534
2013-05-23,38.009998,38.50,37.68,38.43,422600,37.542606
2013-05-22,38.209999,38.419998,38.060001,38.27,515400,37.3863
2013-05-21,37.75,38.459999,37.639999,38.27,329700,37.3863
2013-05-20,37.080002,37.799999,37.080002,37.779999,359100,36.907613
2013-05-17,37.07,37.599998,36.950001,37.330002,453500,36.468007
2013-05-16,36.540001,37.310001,36.450001,36.919998,399800,36.067471
2013-05-15,36.790001,36.93,36.529999,36.810001,345200,35.881862
2013-05-14,36.130001,37.00,36.130001,36.900002,224200,35.969593
2013-05-13,36.389999,36.470001,36.029999,36.18,402700,35.267746
2013-05-10,36.16,36.650002,36.16,36.419998,281700,35.501693
2013-05-09,36.189999,36.639999,35.93,36.00,276200,35.092285
2013-05-08,35.77,36.389999,35.650002,36.290001,401000,35.374973
2013-05-07,35.810001,36.27,35.59,35.970001,265100,35.063042
2013-05-06,35.799999,35.919998,35.560001,35.810001,121600,34.907077
2013-05-03,35.439999,36.419998,35.150002,35.799999,293600,34.897327
2013-05-02,34.830002,35.41,34.700001,34.849998,387500,33.97128
2013-05-01,35.73,35.990002,34.619999,34.630001,599700,33.756829
2013-04-30,35.349998,36.029999,35.009998,35.990002,434500,35.082538
2013-04-29,35.48,35.639999,35.169998,35.52,473500,34.624388
2013-04-26,35.57,35.849998,35.16,35.41,294300,34.517161
2013-04-25,35.07,36.040001,35.07,35.619999,518600,34.721865
2013-04-24,34.560001,35.52,34.419998,34.849998,513200,33.97128
2013-04-23,35.91,36.50,34.66,34.700001,703300,33.825064
2013-04-22,34.080002,34.25,33.490002,34.130001,682900,33.269436
2013-04-19,34.09,34.580002,33.990002,34.139999,294700,33.279183
2013-04-18,34.77,34.950001,34.209999,34.27,249600,33.405906
2013-04-17,35.43,35.669998,34.189999,34.709999,478800,33.83481
2013-04-16,36.029999,36.029999,35.400002,35.830002,431000,34.926573
2013-04-15,36.82,37.169998,35.400002,35.639999,506500,34.741361
2013-04-12,37.150002,37.360001,36.939999,37.150002,231700,36.21329
2013-04-11,37.830002,37.860001,37.349998,37.450001,347900,36.505725
2013-04-10,37.48,38.16,37.080002,38.080002,477000,37.119841
2013-04-09,37.459999,37.630001,37.060001,37.419998,177900,36.476479
2013-04-08,37.02,37.450001,36.869999,37.43,295800,36.486229
2013-04-05,36.689999,36.970001,36.25,36.91,346300,35.97934
2013-04-04,37.740002,38.009998,36.779999,37.279999,411700,36.340009
2013-04-03,39.459999,39.68,37.540001,37.77,416900,36.817656
2013-04-02,39.66,39.880001,39.290001,39.48,376500,38.484538
2013-04-01,39.650002,39.91,39.040001,39.450001,339900,38.455296
2013-03-28,40.060001,40.060001,39.52,39.759998,290400,38.757477
2013-03-27,39.259998,40.080002,39.119999,39.939999,270100,38.932939
2013-03-26,39.73,39.73,39.240002,39.619999,88700,38.621008
2013-03-25,39.50,40.119999,38.900002,39.41,190000,38.416304
2013-03-22,39.400002,39.529999,39.299999,39.48,140400,38.484538
2013-03-21,39.400002,39.73,39.080002,39.32,242100,38.328573
2013-03-20,39.709999,39.900002,39.389999,39.84,166800,38.835462
2013-03-19,40.130001,40.169998,38.91,39.330002,240600,38.338323
2013-03-18,39.07,40.060001,39.029999,39.919998,256000,38.913443
2013-03-15,40.09,40.18,39.619999,39.66,576200,38.66
2013-03-14,39.93,40.290001,39.75,40.279999,214800,39.264366
2013-03-13,39.880001,39.990002,39.59,39.759998,165200,38.757477
2013-03-12,39.799999,40.099998,39.630001,39.84,379100,38.835462
2013-03-11,39.709999,40.009998,39.700001,39.939999,229300,38.932939
2013-03-08,38.459999,39.900002,38.130001,39.810001,470400,38.806219
2013-03-07,37.700001,38.080002,37.439999,38.029999,272600,37.071098
2013-03-06,37.52,37.84,37.310001,37.790001,118600,36.837152
2013-03-05,37.419998,37.810001,37.349998,37.48,398100,36.534967
2013-03-04,37.09,37.32,36.77,37.169998,240400,36.232782
2013-03-01,37.07,37.450001,36.779999,37.200001,377400,36.262028
2013-02-28,37.610001,38.040001,37.419998,37.43,201900,36.486229
2013-02-27,37.360001,38.07,37.360001,37.77,167500,36.817656
2013-02-26,37.16,37.689999,36.59,37.41,283900,36.466732
2013-02-25,38.470001,38.66,36.869999,36.880001,263900,35.950097
2013-02-22,38.07,38.549999,38.040001,38.290001,174400,37.324545
2013-02-21,38.23,38.349998,37.599998,37.759998,310500,36.807906
2013-02-20,39.00,39.490002,38.27,38.290001,322600,37.324545
2013-02-19,39.189999,39.59,39.049999,39.380001,341400,38.387061
2013-02-15,39.490002,39.490002,39.07,39.18,178100,38.192103
2013-02-14,38.970001,39.419998,38.970001,39.220001,137000,38.231096
2013-02-13,39.00,39.560001,38.82,39.139999,321000,38.153111
2013-02-12,38.490002,39.290001,38.48,38.93,374600,37.870423
2013-02-11,38.560001,38.610001,38.029999,38.450001,259000,37.403488
2013-02-08,38.450001,38.650002,38.369999,38.540001,186000,37.491038
2013-02-07,38.849998,39.00,38.130001,38.380001,257300,37.335393
2013-02-06,38.220001,39.169998,38.220001,38.849998,394200,37.792598
2013-02-05,38.389999,38.50,38.049999,38.34,266300,37.296481
2013-02-04,38.330002,38.799999,38.09,38.209999,297500,37.170018
2013-02-01,38.740002,39.00,38.52,38.759998,232500,37.705048
2013-01-31,38.290001,38.689999,38.139999,38.41,336800,37.364575
2013-01-30,38.50,38.68,38.18,38.279999,295500,37.238113
2013-01-29,38.77,38.900002,38.290001,38.580002,246100,37.52995
2013-01-28,38.990002,39.080002,38.509998,38.73,200700,37.675865
2013-01-25,39.110001,39.580002,38.599998,38.900002,382100,37.84124
2013-01-24,37.889999,39.00,37.889999,38.869999,476000,37.812054
2013-01-23,39.18,40.91,37.66,37.919998,1037500,36.88791
2013-01-22,39.73,40.040001,38.299999,39.18,776500,38.113618
2013-01-18,39.220001,39.939999,39.220001,39.73,322900,38.648648
2013-01-17,38.700001,39.169998,38.34,39.139999,544300,38.074706
2013-01-16,38.900002,39.00,38.349998,38.57,213900,37.52022
2013-01-15,38.75,39.240002,38.75,38.990002,223000,37.928791
2013-01-14,39.349998,39.57,38.700001,38.880001,236700,37.821784
2013-01-11,39.50,39.630001,39.040001,39.400002,171800,38.327632
2013-01-10,39.75,40.169998,39.16,39.48,200400,38.405452
2013-01-09,38.869999,39.52,38.77,39.52,103800,38.444365
2013-01-08,38.75,39.119999,38.459999,38.759998,114700,37.705048
2013-01-07,38.98,39.369999,38.790001,38.810001,133500,37.75369
2013-01-04,39.310001,39.580002,38.669998,39.330002,212200,38.259537
2013-01-03,39.73,40.150002,38.900002,39.009998,309700,37.948243
2013-01-02,39.169998,39.900002,39.060001,39.759998,506000,38.67783
2012-12-31,37.080002,38.189999,37.00,38.130001,225700,37.092197
2012-12-28,37.299999,37.700001,37.09,37.110001,165000,36.099959
2012-12-27,37.610001,37.84,37.209999,37.650002,295200,36.625262
2012-12-26,37.630001,37.779999,37.220001,37.450001,220500,36.430705
2012-12-24,37.279999,37.610001,37.169998,37.549999,133700,36.527982
2012-12-21,37.099998,37.459999,36.75,37.299999,1316000,36.284786
2012-12-20,37.439999,37.50,37.029999,37.439999,325200,36.420975
2012-12-19,36.860001,37.650002,36.650002,37.41,381300,36.391793
2012-12-18,36.169998,37.00,36.169998,36.950001,623800,35.944314
2012-12-17,36.48,37.240002,36.48,37.18,236200,36.168053
2012-12-14,36.189999,36.73,36.049999,36.34,275400,35.350916
2012-12-13,36.599998,36.830002,35.939999,36.34,169100,35.350916
2012-12-12,37.00,37.00,36.459999,36.639999,269200,35.64275
2012-12-11,37.09,37.130001,36.59,36.740002,223200,35.74003
2012-12-10,36.560001,36.82,36.259998,36.799999,231000,35.798395
2012-12-07,36.57,36.57,35.93,36.360001,163500,35.370372
2012-12-06,36.450001,36.50,35.82,36.299999,165000,35.312004
2012-12-05,36.299999,36.68,35.889999,36.389999,209800,35.399554
2012-12-04,36.279999,36.419998,35.700001,36.18,233800,35.195271
2012-12-03,36.900002,37.57,36.130001,36.349998,352000,35.360642
2012-11-30,36.919998,36.919998,36.369999,36.57,429700,35.574655
2012-11-29,36.720001,36.990002,36.41,36.740002,264700,35.74003
2012-11-28,35.98,36.439999,35.459999,36.380001,236500,35.389828
2012-11-27,35.669998,36.389999,35.259998,36.220001,492300,35.234183
2012-11-26,36.119999,36.439999,35.400002,35.650002,382600,34.679697
2012-11-23,35.599998,36.220001,35.41,36.220001,180200,35.234183
2012-11-21,35.389999,35.52,35.07,35.389999,235500,34.426772
2012-11-20,34.799999,35.34,34.560001,35.32,281500,34.358677
2012-11-19,34.689999,35.00,34.419998,35.00,282600,34.047387
2012-11-16,33.66,34.779999,33.52,34.110001,589700,33.181611
2012-11-15,34.610001,34.950001,33.48,33.740002,760800,32.821683
2012-11-14,34.75,36.68,34.16,34.529999,1558100,33.512356
2012-11-13,31.620001,32.470001,31.52,32.07,317400,31.124856
2012-11-12,31.91,32.25,31.700001,31.889999,174400,30.95016
2012-11-09,31.52,32.400002,31.41,31.85,369500,30.91134
2012-11-08,32.73,33.02,31.469999,31.639999,367200,30.707528
2012-11-07,33.740002,34.439999,32.709999,32.900002,371400,31.930396
2012-11-06,34.029999,34.50,33.98,34.290001,154900,33.279431
2012-11-05,33.580002,34.00,33.169998,33.779999,159600,32.784459
2012-11-02,35.080002,35.09,33.540001,33.580002,390500,32.590356
2012-11-01,33.50,35.290001,33.50,34.950001,350000,33.91998
2012-10-31,33.310001,33.50,32.900002,33.50,227700,32.512712
2012-10-26,33.189999,33.529999,32.880001,33.18,145600,32.202143
2012-10-25,33.419998,33.419998,32.91,33.09,526300,32.114796
2012-10-24,33.220001,33.279999,32.900002,33.02,230300,32.046859
2012-10-23,32.950001,33.080002,32.610001,32.919998,387500,31.949804
2012-10-22,33.150002,33.400002,32.939999,33.389999,180200,32.405953
2012-10-19,34.02,34.130001,32.959999,33.119999,559400,32.14391
2012-10-18,34.52,34.779999,34.27,34.360001,136900,33.347367
2012-10-17,33.939999,34.709999,33.880001,34.549999,322900,33.531767
2012-10-16,33.509998,33.939999,33.150002,33.93,190000,32.93004
2012-10-15,33.139999,33.450001,33.040001,33.32,204800,32.338017
2012-10-12,32.889999,33.209999,32.869999,33.110001,322100,32.134207
2012-10-11,32.639999,33.259998,32.639999,32.970001,174400,31.998333
2012-10-10,32.82,33.189999,32.450001,32.860001,613800,31.891574
2012-10-09,33.740002,33.740002,32.540001,32.84,698500,31.872163
2012-10-08,33.32,33.830002,33.09,33.689999,164600,32.697111
2012-10-05,34.040001,34.130001,33.419998,33.52,314300,32.532123
2012-10-04,33.490002,34.189999,33.490002,33.860001,368300,32.862103
2012-10-03,33.810001,34.080002,33.580002,33.799999,174700,32.80387
2012-10-02,33.77,33.900002,33.27,33.77,222700,32.774755
2012-10-01,34.049999,34.049999,32.860001,33.639999,588000,32.648586
2012-09-28,33.639999,34.209999,33.57,33.98,447400,32.978566
2012-09-27,34.00,34.07,33.790001,33.900002,417500,32.900925
2012-09-26,34.290001,34.540001,32.549999,33.900002,592300,32.900925
2012-09-25,35.419998,35.509998,34.220001,34.259998,542500,33.250312
2012-09-24,35.610001,35.970001,35.029999,35.389999,378400,34.347011
2012-09-21,36.52,36.52,34.990002,35.970001,1043000,34.909919
2012-09-20,36.310001,36.59,35.720001,36.09,248800,35.026382
2012-09-19,36.299999,36.830002,36.209999,36.639999,160100,35.560172
2012-09-18,36.93,36.93,36.389999,36.57,251400,35.492235
2012-09-17,36.889999,37.43,36.439999,36.57,276200,35.492235
2012-09-14,36.610001,37.740002,36.200001,37.110001,275000,36.016321
2012-09-13,36.509998,36.939999,35.889999,36.540001,324200,35.46312
2012-09-12,36.549999,36.830002,36.18,36.41,123700,35.336951
2012-09-11,36.939999,37.119999,36.419998,36.509998,142900,35.434002
2012-09-10,37.07,37.439999,36.900002,36.950001,185300,35.861037
2012-09-07,36.580002,37.50,36.490002,36.990002,279100,35.899859
2012-09-06,35.32,36.369999,35.119999,36.259998,293400,35.19137
2012-09-05,35.200001,35.57,34.810001,34.91,296300,33.881158
2012-09-04,34.470001,35.540001,34.029999,35.529999,299700,34.482884
2012-08-31,34.990002,35.23,34.360001,34.93,264800,33.900569
2012-08-30,34.939999,35.099998,34.509998,34.650002,166400,33.628822
2012-08-29,35.450001,35.509998,35.00,35.290001,225900,34.249959
2012-08-28,35.490002,35.75,35.200001,35.330002,248400,34.288782
2012-08-27,35.720001,36.040001,35.400002,35.549999,311300,34.502295
2012-08-24,35.740002,36.389999,35.560001,35.630001,190100,34.579939
2012-08-23,36.27,36.720001,35.279999,35.869999,380600,34.812864
2012-08-22,36.830002,36.889999,35.950001,36.34,190400,35.269014
2012-08-21,36.869999,37.639999,36.48,36.900002,252700,35.812511
2012-08-20,37.509998,37.799999,36.540001,36.759998,216800,35.676634
2012-08-17,37.060001,37.779999,37.049999,37.540001,239600,36.433649
2012-08-16,36.240002,37.220001,36.07,37.200001,170600,36.026026
2012-08-15,35.830002,36.459999,35.75,36.369999,122400,35.222218
2012-08-14,36.07,36.27,35.73,36.00,225400,34.863896
2012-08-13,35.57,35.98,35.240002,35.939999,195700,34.805788
2012-08-10,35.52,35.77,35.16,35.689999,236600,34.563677
2012-08-09,35.43,35.900002,34.919998,35.59,232600,34.466835
2012-08-08,35.00,35.689999,34.919998,35.459999,240600,34.340936
2012-08-07,34.950001,35.810001,34.09,35.330002,407100,34.215042
2012-08-06,34.68,34.84,34.540001,34.689999,288900,33.595236
2012-08-03,33.52,34.700001,33.330002,34.50,490300,33.411233
2012-08-02,32.689999,33.310001,32.509998,32.91,289800,31.871411
2012-08-01,33.73,33.880001,32.880001,32.970001,383500,31.929519
2012-07-31,34.040001,34.43,33.509998,33.57,365000,32.510582
2012-07-30,35.18,35.23,34.139999,34.240002,247800,33.15944
2012-07-27,33.759998,35.220001,33.59,35.049999,461800,33.943875
2012-07-26,33.91,34.419998,33.369999,33.630001,209000,32.56869
2012-07-25,33.599998,34.240002,33.040001,33.150002,435700,32.103839
2012-07-24,32.889999,35.169998,32.880001,33.290001,664400,32.23942
2012-07-23,33.419998,34.119999,32.84,33.259998,564900,32.210364
2012-07-20,34.380001,34.57,34.119999,34.34,243900,33.256283
2012-07-19,34.93,35.139999,34.610001,34.720001,207500,33.624292
2012-07-18,34.00,35.119999,33.790001,34.73,385900,33.633974
2012-07-17,34.470001,34.470001,32.450001,33.950001,1256900,32.878591
2012-07-16,30.190001,34.560001,30.16,34.540001,2300400,33.449972
2012-07-13,35.450001,36.139999,35.220001,36.049999,332200,34.912317
2012-07-12,35.630001,35.650002,34.32,35.209999,670800,34.098826
2012-07-11,37.619999,37.630001,35.779999,36.200001,718300,35.057585
2012-07-10,39.740002,40.09,37.52,37.869999,354300,36.67488
2012-07-09,39.459999,39.689999,38.950001,39.360001,197700,38.11786
2012-07-06,39.84,40.279999,39.299999,39.450001,210700,38.20502
2012-07-05,39.990002,40.830002,39.799999,40.439999,229900,39.163775
2012-07-03,39.41,40.220001,39.380001,40.209999,166500,38.941034
2012-07-02,39.580002,39.599998,38.77,39.57,283500,38.321232
2012-06-29,38.290001,39.689999,37.970001,39.439999,428400,38.195333
2012-06-28,36.790001,37.25,36.400002,37.23,341700,36.055078
2012-06-27,37.099998,37.25,36.549999,37.00,234500,35.832337
2012-06-26,36.830002,37.110001,36.07,36.73,201300,35.570858
2012-06-25,37.32,37.470001,36.810001,36.860001,236700,35.696756
2012-06-22,38.099998,38.299999,37.66,38.130001,1241200,36.926677
2012-06-21,39.060001,39.439999,37.860001,37.919998,398600,36.723302
2012-06-20,39.080002,39.25,38.48,38.779999,254100,37.556162
2012-06-19,37.91,39.240002,37.740002,39.169998,295800,37.933854
2012-06-18,37.23,37.810001,37.23,37.709999,509700,36.51993
2012-06-15,38.009998,38.18,37.459999,37.540001,523500,36.355297
2012-06-14,37.919998,38.610001,37.509998,38.029999,267600,36.829831
2012-06-13,38.650002,38.77,37.400002,37.900002,521500,36.703936
2012-06-12,37.700001,38.630001,37.099998,38.57,398100,37.35279
2012-06-11,38.57,38.700001,37.310001,37.419998,446100,36.239081
2012-06-08,37.650002,38.34,37.220001,38.029999,232200,36.829831
2012-06-07,38.439999,38.959999,37.50,37.59,416600,36.403718
2012-06-06,37.150002,37.939999,36.939999,37.919998,238700,36.723302
2012-06-05,36.279999,36.900002,36.200001,36.779999,545100,35.619279
2012-06-04,36.150002,36.740002,35.639999,36.650002,764500,35.493384
2012-06-01,36.700001,36.700001,35.32,36.060001,477400,34.922003
2012-05-31,38.119999,38.23,36.849998,37.709999,469000,36.51993
2012-05-30,39.110001,39.110001,38.049999,38.119999,194700,36.916991
2012-05-29,39.139999,39.970001,38.98,39.639999,222900,38.389022
2012-05-25,39.349998,39.389999,38.459999,38.599998,292300,37.381842
2012-05-24,39.049999,39.360001,38.50,39.349998,325200,38.108173
2012-05-23,38.09,38.950001,37.450001,38.830002,249000,37.604587
2012-05-22,38.040001,38.869999,37.84,38.689999,420100,37.469002
2012-05-21,36.580002,37.990002,36.259998,37.990002,276000,36.791096
2012-05-18,36.439999,36.84,36.209999,36.50,488000,35.348116
2012-05-17,37.82,38.049999,36.349998,36.41,347500,35.260957
2012-05-16,38.529999,38.66,37.630001,37.700001,176600,36.510247
2012-05-15,38.189999,38.82,37.970001,38.400002,280000,37.110683
2012-05-14,38.41,38.740002,37.880001,38.27,174900,36.985046
2012-05-11,38.709999,39.52,38.709999,38.970001,198000,37.661544
2012-05-10,39.799999,40.00,38.740002,39.189999,155000,37.874155
2012-05-09,38.790001,39.459999,38.439999,39.380001,287000,38.057778
2012-05-08,39.07,39.490002,38.200001,39.439999,234400,38.115761
2012-05-07,39.220001,39.68,38.759998,39.560001,202000,38.231734
2012-05-04,40.360001,40.360001,39.27,39.380001,268000,38.057778
2012-05-03,41.75,42.290001,40.419998,40.73,214500,39.362449
2012-05-02,40.799999,41.84,40.709999,41.790001,248400,40.386859
2012-05-01,41.459999,42.490002,40.810001,41.34,265000,39.951968
2012-04-30,42.689999,43.189999,41.560001,41.59,277000,40.193574
2012-04-27,42.369999,43.110001,41.91,42.849998,261800,41.411266
2012-04-26,41.91,42.25,41.580002,42.07,149200,40.657457
2012-04-25,41.689999,42.48,41.599998,42.049999,261300,40.638128
2012-04-24,40.639999,41.669998,40.380001,41.18,749700,39.79734
2012-04-23,39.98,40.709999,39.610001,40.43,254900,39.072522
2012-04-20,41.650002,42.029999,40.860001,40.880001,365400,39.507414
2012-04-19,40.889999,41.52,40.139999,40.709999,257800,39.34312
2012-04-18,41.599998,41.650002,40.860001,41.119999,312600,39.739353
2012-04-17,41.509998,42.860001,40.580002,42.07,183400,40.657457
2012-04-16,41.259998,41.59,40.34,41.080002,181500,39.700699
2012-04-13,41.50,41.700001,40.93,41.009998,239000,39.633046
2012-04-12,41.209999,42.529999,40.580002,41.82,238100,40.415851
2012-04-11,40.700001,41.23,40.349998,41.119999,269500,39.739353
2012-04-10,41.139999,41.34,39.799999,40.119999,395700,38.772929
2012-04-09,40.610001,41.849998,40.560001,41.279999,295400,39.893981
2012-04-05,41.639999,42.130001,41.599998,41.689999,104900,40.290215
2012-04-04,42.110001,42.310001,41.439999,42.02,168000,40.609136
2012-04-03,42.98,43.150002,42.27,42.790001,189100,41.353283
2012-04-02,42.77,43.34,42.099998,42.939999,264400,41.498245
2012-03-30,43.060001,43.25,42.619999,42.830002,307200,41.391941
2012-03-29,42.529999,42.82,41.869999,42.52,207600,41.092348
2012-03-28,43.57,43.610001,42.139999,43.029999,152500,41.585223
2012-03-27,43.810001,44.200001,43.23,43.52,199100,42.058772
2012-03-26,43.529999,43.970001,43.299999,43.709999,307900,42.242392
2012-03-23,42.279999,42.860001,42.00,42.75,216400,41.314626
2012-03-22,42.110001,42.330002,41.830002,42.060001,538000,40.647794
2012-03-21,43.110001,43.380001,42.189999,42.639999,283100,41.208318
2012-03-20,43.75,43.950001,42.919998,42.959999,269800,41.517574
2012-03-19,43.82,44.82,43.459999,44.290001,278200,42.802919
2012-03-16,44.439999,44.439999,43.759998,43.810001,417100,42.339036
2012-03-15,44.130001,44.529999,43.740002,44.360001,164200,42.870569
2012-03-14,43.91,44.279999,43.549999,44.009998,241400,42.532318
2012-03-13,43.060001,43.900002,42.57,43.900002,217400,42.426015
2012-03-12,42.669998,42.68,42.099998,42.48,223500,41.053691
2012-03-09,42.150002,43.509998,42.150002,42.57,257900,41.140669
2012-03-08,42.330002,43.150002,42.040001,42.209999,284700,40.792756
2012-03-07,41.790001,42.009998,41.419998,41.860001,199500,40.454509
2012-03-06,42.349998,42.91,41.080002,41.560001,318700,40.164582
2012-03-05,42.34,43.169998,42.34,43.07,214000,41.623881
2012-03-02,44.09,44.23,42.16,42.639999,294300,41.208318
2012-03-01,44.150002,44.990002,44.009998,44.07,247500,42.590305
2012-02-29,44.27,45.200001,43.759998,43.77,351000,42.300378
2012-02-28,44.68,45.060001,44.029999,44.450001,156700,42.957547
2012-02-27,44.099998,45.299999,43.759998,44.700001,271500,43.199153
2012-02-24,44.959999,45.470001,44.450001,44.509998,221300,43.01553
2012-02-23,44.77,45.150002,44.389999,45.00,274300,43.489079
2012-02-22,44.490002,45.139999,44.07,44.799999,312000,43.295794
2012-02-21,44.790001,45.049999,44.34,44.52,268600,43.025196
2012-02-17,45.00,45.00,44.459999,44.580002,165700,43.083183
2012-02-16,43.50,45.00,43.43,44.790001,265200,43.286131
2012-02-15,44.709999,44.98,43.139999,43.50,385300,42.039443
2012-02-14,44.68,44.799999,43.860001,44.470001,318000,42.976876
2012-02-13,44.91,45.02,44.290001,44.880001,160800,43.295795
2012-02-10,44.040001,44.560001,43.98,44.16,348500,42.601209
2012-02-09,44.709999,44.990002,44.139999,44.599998,189800,43.025676
2012-02-08,44.150002,44.700001,43.82,44.419998,498800,42.85203
2012-02-07,44.490002,44.650002,43.950001,44.150002,243300,42.591564
2012-02-06,45.02,45.299999,44.380001,44.540001,188500,42.967797
2012-02-03,44.990002,46.00,44.68,45.27,430400,43.672028
2012-02-02,44.119999,44.630001,43.790001,43.880001,302600,42.331094
2012-02-01,42.389999,44.119999,42.389999,43.970001,375900,42.417917
2012-01-31,42.77,43.07,41.849998,41.98,322100,40.49816
2012-01-30,42.299999,42.52,41.50,42.369999,307500,40.874393
2012-01-27,40.98,43.02,40.939999,42.869999,266400,41.356743
2012-01-26,42.880001,42.900002,41.73,41.98,350700,40.49816
2012-01-25,42.599998,43.080002,41.650002,42.650002,514600,41.144512
2012-01-24,44.779999,45.799999,41.50,42.720001,1468900,41.21204
2012-01-23,43.43,44.389999,42.32,43.200001,1093000,41.675097
2012-01-20,44.299999,44.299999,43.18,43.48,490700,41.945212
2012-01-19,44.060001,44.73,43.880001,44.360001,340000,42.79415
2012-01-18,43.77,44.150002,43.419998,44.049999,595000,42.495091
2012-01-17,44.07,44.43,43.580002,43.700001,284100,42.157447
2012-01-13,43.049999,43.900002,43.00,43.580002,244300,42.041684
2012-01-12,43.91,43.990002,43.700001,43.91,487000,42.360034
2012-01-11,43.84,44.139999,43.790001,43.900002,271000,42.350388
2012-01-10,43.91,44.419998,43.200001,43.990002,411800,42.437212
2012-01-09,42.68,43.220001,42.299999,43.119999,276300,41.597919
2012-01-06,42.66,43.07,41.93,42.580002,330100,41.076983
2012-01-05,41.779999,43.470001,41.080002,42.650002,368800,41.144512
2012-01-04,41.799999,42.48,41.41,42.25,255800,40.75863
2012-01-03,41.98,42.900002,41.580002,41.98,431500,40.49816
2011-12-30,41.279999,41.799999,40.880001,40.93,209300,39.485224
2011-12-29,40.369999,41.77,40.279999,41.380001,209800,39.919341
2011-12-28,41.68,41.68,40.16,40.259998,306500,38.838873
2011-12-27,41.07,42.080002,40.93,41.68,198100,40.20875
2011-12-23,41.02,41.470001,40.82,41.389999,128900,39.928986
2011-12-22,40.84,41.299999,40.560001,41.040001,236400,39.591342
2011-12-21,40.68,40.970001,39.52,40.73,248600,39.292283
2011-12-20,37.50,40.970001,37.470001,40.830002,648200,39.388756
2011-12-19,39.41,39.799999,37.790001,37.860001,340800,36.523592
2011-12-16,38.93,39.93,38.439999,39.02,573100,37.642645
2011-12-15,38.880001,39.00,37.709999,38.540001,307600,37.179589
2011-12-14,38.709999,38.880001,37.52,38.209999,370700,36.861236
2011-12-13,40.59,40.849998,38.540001,39.029999,301300,37.65229
2011-12-12,40.540001,40.540001,39.50,40.220001,286400,38.800287
2011-12-09,39.389999,41.50,39.349998,41.189999,314700,39.736045
2011-12-08,40.48,40.669998,39.049999,39.169998,285800,37.787348
2011-12-07,40.490002,41.049999,39.349998,40.610001,284900,39.17652
2011-12-06,40.990002,41.290001,40.439999,40.599998,240700,39.166871
2011-12-05,41.040001,41.380001,40.50,41.00,382500,39.552753
2011-12-02,40.849998,40.939999,40.080002,40.220001,348600,38.800287
2011-12-01,42.00,42.029999,39.900002,40.00,741800,38.588052
2011-11-30,39.970001,42.34,37.610001,42.34,910000,40.845453
2011-11-29,39.00,39.009998,38.290001,38.459999,337300,37.102411
2011-11-28,37.48,39.380001,37.450001,39.00,356600,37.623351
2011-11-25,36.529999,37.330002,35.93,35.93,126300,34.661718
2011-11-23,37.540001,37.75,36.360001,36.580002,342000,35.288775
2011-11-22,37.73,38.279999,37.380001,38.029999,292200,36.687589
2011-11-21,38.220001,38.619999,37.490002,37.75,329800,36.417474
2011-11-18,38.580002,39.50,38.549999,39.080002,235100,37.700528
2011-11-17,39.509998,40.060001,38.150002,38.580002,560700,37.218178
2011-11-16,40.00,40.779999,39.709999,39.84,771500,38.4337
2011-11-15,34.669998,41.259998,34.669998,40.77,1762400,39.330872
2011-11-14,35.560001,35.82,35.02,35.82,343700,34.488071
2011-11-11,35.16,35.970001,35.040001,35.84,226400,34.507328
2011-11-10,35.080002,35.50,34.16,34.529999,473700,33.246037
2011-11-09,34.419998,35.00,34.049999,34.310001,455400,33.03422
2011-11-08,35.439999,35.93,34.419998,35.849998,390400,34.516954
2011-11-07,35.43,35.77,34.419998,35.200001,223000,33.891126
2011-11-04,35.080002,35.689999,34.459999,35.610001,182400,34.28588
2011-11-03,34.360001,35.900002,33.990002,35.720001,375500,34.391791
2011-11-02,33.220001,33.84,32.709999,33.75,298600,32.495042
2011-11-01,32.040001,34.349998,32.00,32.450001,443700,31.243382
2011-10-31,34.34,34.66,33.799999,33.880001,355400,32.620209
2011-10-28,35.310001,35.610001,34.799999,35.169998,376200,33.862239
2011-10-27,33.939999,36.310001,32.810001,35.599998,778900,34.27625
2011-10-26,32.470001,32.939999,31.040001,32.630001,285200,31.416689
2011-10-25,32.889999,33.099998,31.68,31.790001,319200,30.607923
2011-10-24,32.029999,33.389999,31.120001,33.150002,345100,31.917354
2011-10-21,31.66,31.91,31.00,31.84,293400,30.656063
2011-10-20,31.110001,31.17,30.120001,30.99,203100,29.837669
2011-10-19,32.220001,32.41,30.90,31.08,255400,29.924323
2011-10-18,30.43,32.650002,30.209999,32.360001,345800,31.156728
2011-10-17,31.73,32.25,30.15,30.26,341600,29.134814
2011-10-14,31.85,32.240002,31.32,32.110001,196600,30.916024
2011-10-13,31.17,31.799999,30.530001,31.60,293300,30.424988
2011-10-12,30.85,31.85,30.85,31.50,226000,30.328706
2011-10-11,30.379999,31.23,30.370001,30.74,248200,29.596965
2011-10-10,30.360001,30.799999,29.950001,30.73,297600,29.587337
2011-10-07,30.60,30.76,29.459999,29.58,335700,28.480099
2011-10-06,29.690001,30.49,28.959999,30.440001,539700,29.308121
2011-10-05,28.610001,29.950001,28.120001,29.74,298700,28.634149
2011-10-04,25.389999,28.50,25.389999,28.450001,538600,27.392118
2011-10-03,27.07,28.15,25.459999,25.57,610300,24.619206
2011-09-30,27.809999,28.65,27.35,27.40,332300,26.38116
2011-09-29,29.16,29.50,27.469999,28.49,296300,27.430629
2011-09-28,29.780001,30.870001,28.129999,28.23,355800,27.180297
2011-09-27,29.58,30.950001,29.02,29.629999,311100,28.528239
2011-09-26,27.799999,28.68,27.08,28.610001,206800,27.546168
2011-09-23,27.030001,27.950001,26.969999,27.50,274900,26.477442
2011-09-22,26.969999,27.77,26.40,27.040001,605000,26.034547
2011-09-21,28.98,29.57,28.01,28.059999,398100,27.016618
2011-09-20,30.25,30.85,29.120001,29.129999,303300,28.046831
2011-09-19,29.84,30.50,29.40,30.030001,363000,28.913367
2011-09-16,30.799999,30.889999,30.209999,30.60,557200,29.462172
2011-09-15,30.059999,30.629999,29.77,30.58,246700,29.442915
2011-09-14,28.719999,30.25,28.40,29.610001,306700,28.508984
2011-09-13,28.469999,29.16,28.07,29.01,227400,27.931294
2011-09-12,27.299999,28.24,27.120001,28.23,357400,27.180297
2011-09-09,28.950001,29.35,27.57,27.99,294400,26.949221
2011-09-08,29.870001,30.360001,28.950001,29.360001,240300,28.26828
2011-09-07,29.709999,30.10,29.25,30.030001,489300,28.913367
2011-09-06,28.01,29.389999,27.58,28.93,306300,27.854269
2011-09-02,29.68,30.139999,28.620001,28.889999,324600,27.815755
2011-09-01,32.580002,32.68,30.35,30.74,416600,29.596965
2011-08-31,32.240002,33.07,31.780001,32.419998,386300,31.214495
2011-08-30,31.469999,32.389999,30.370001,32.130001,289800,30.935281
2011-08-29,30.49,31.799999,30.139999,31.74,256500,30.559782
2011-08-26,28.76,30.27,28.290001,30.049999,202300,28.932622
2011-08-25,29.969999,30.10,28.82,29.129999,331000,28.046831
2011-08-24,28.59,29.790001,28.129999,29.65,261600,28.547496
2011-08-23,26.83,28.93,26.52,28.860001,370100,27.786872
2011-08-22,27.27,27.68,26.43,26.67,231700,25.678304
2011-08-19,26.559999,27.959999,26.27,26.42,275600,25.4376
2011-08-18,28.68,28.76,26.969999,27.200001,362000,26.188598
2011-08-17,30.09,30.290001,29.540001,29.85,168500,28.74006
2011-08-16,30.35,30.700001,29.50,29.83,242400,28.720803
2011-08-15,30.34,30.93,29.969999,30.85,339100,29.63548
2011-08-12,29.65,30.27,29.35,29.959999,329900,28.780517
2011-08-11,27.040001,29.85,26.610001,29.33,654200,28.17532
2011-08-10,29.25,29.290001,26.549999,26.82,1017600,25.764135
2011-08-09,26.469999,27.690001,24.389999,27.65,911600,26.561459
2011-08-08,28.24,29.370001,25.60,25.66,922500,24.649802
2011-08-05,30.870001,31.32,28.790001,29.34,610200,28.184926
2011-08-04,32.040001,32.450001,30.50,30.51,477400,29.308865
2011-08-03,32.68,33.09,31.389999,32.48,329400,31.201308
2011-08-02,33.98,34.549999,32.52,32.560001,259200,31.278161
2011-08-01,35.18,35.43,33.709999,34.349998,237900,32.997688
2011-07-29,34.32,34.93,33.84,34.50,194200,33.141784
2011-07-28,34.669998,35.540001,34.48,34.59,274700,33.228241
2011-07-27,35.919998,35.919998,34.599998,34.650002,457800,33.285881
2011-07-26,36.709999,37.200001,35.400002,36.16,388700,34.736432
2011-07-25,36.080002,36.759998,36.080002,36.52,301400,35.08226
2011-07-22,36.25,36.900002,35.939999,36.779999,284300,35.332023
2011-07-21,35.41,36.330002,34.77,36.32,357400,34.890133
2011-07-20,35.68,35.77,35.02,35.240002,260800,33.852653
2011-07-19,35.029999,35.75,34.900002,35.740002,231200,34.332969
2011-07-18,35.509998,35.700001,34.419998,34.77,144200,33.401155
2011-07-15,35.150002,35.779999,34.75,35.759998,245100,34.352178
2011-07-14,35.900002,36.049999,34.869999,35.080002,218600,33.698952
2011-07-13,35.779999,36.240002,35.619999,35.810001,253600,34.400213
2011-07-12,35.32,35.990002,35.32,35.540001,237600,34.140842
2011-07-11,36.07,36.689999,35.349998,35.549999,244500,34.150447
2011-07-08,35.709999,36.880001,35.709999,36.73,273800,35.283992
2011-07-07,36.099998,36.759998,35.77,36.34,177500,34.909346
2011-07-06,35.18,35.889999,35.02,35.849998,157300,34.438635
2011-07-05,35.650002,35.689999,34.919998,35.240002,182500,33.852653
2011-07-01,34.950001,35.93,34.740002,35.709999,264400,34.304147
2011-06-30,34.27,35.130001,34.189999,34.860001,273000,33.487612
2011-06-29,34.209999,34.48,33.689999,34.360001,170200,33.007297
2011-06-28,33.119999,34.189999,32.82,34.139999,272400,32.795956
2011-06-27,32.32,33.290001,31.959999,33.119999,234800,31.816112
2011-06-24,32.599998,33.099998,31.51,32.360001,259500,31.086034
2011-06-23,32.299999,32.689999,31.50,32.599998,297300,31.316583
2011-06-22,32.57,33.380001,32.57,32.880001,245400,31.585562
2011-06-21,32.439999,32.959999,31.91,32.91,327700,31.61438
2011-06-20,31.389999,32.360001,31.389999,32.189999,174000,30.922724
2011-06-17,32.220001,32.450001,31.389999,31.52,444300,30.279103
2011-06-16,31.719999,32.299999,31.299999,31.879999,295400,30.624929
2011-06-15,31.280001,31.969999,31.16,31.610001,378600,30.36556
2011-06-14,31.52,32.040001,31.52,31.809999,308400,30.557685
2011-06-13,31.139999,31.51,30.93,30.99,357700,29.769968
2011-06-10,31.41,31.709999,30.950001,31.049999,376700,29.827605
2011-06-09,31.52,32.09,31.290001,31.790001,272200,30.538474
2011-06-08,31.26,31.74,31.00,31.290001,455700,30.058158
2011-06-07,31.68,31.940001,31.09,31.540001,333400,30.298316
2011-06-06,32.080002,32.450001,31.059999,31.42,427700,30.18304
2011-06-03,32.41,33.240002,31.90,32.150002,429800,30.884302
2011-06-02,32.959999,33.799999,32.790001,33.23,246500,31.921782
2011-06-01,35.290001,35.639999,32.900002,33.040001,287000,31.739263
2011-05-31,34.98,35.25,33.810001,35.220001,492100,33.83344
2011-05-27,34.459999,34.75,34.290001,34.580002,206100,33.218637
2011-05-26,33.830002,34.41,33.240002,34.310001,196000,32.959266
2011-05-25,33.139999,34.220001,33.07,34.09,169600,32.747926
2011-05-24,33.990002,34.18,33.029999,33.43,295900,32.113909
2011-05-23,34.130001,34.169998,33.540001,33.669998,188600,32.344458
2011-05-20,35.380001,35.459999,34.599998,34.84,160200,33.468399
2011-05-19,35.57,36.00,35.16,35.689999,222400,34.284934
2011-05-18,34.75,35.240002,34.029999,35.209999,283400,33.823832
2011-05-17,35.060001,35.240002,34.02,34.650002,301700,33.285881
2011-05-16,35.610001,36.080002,35.200001,35.200001,241900,33.814227
2011-05-13,36.43,36.669998,35.470001,35.919998,294800,34.438635
2011-05-12,36.099998,36.610001,35.459999,36.48,233100,34.975541
2011-05-11,36.439999,36.830002,35.849998,36.16,347300,34.668739
2011-05-10,36.200001,37.240002,35.860001,36.959999,226300,35.435745
2011-05-09,35.439999,36.349998,35.110001,35.880001,186000,34.400287
2011-05-06,35.91,36.040001,35.25,35.619999,215000,34.151008
2011-05-05,35.189999,35.830002,34.73,35.25,266200,33.796268
2011-05-04,36.50,36.650002,35.43,35.48,317600,34.016782
2011-05-03,36.740002,37.32,36.240002,36.450001,325400,34.94678
2011-05-02,37.049999,37.349998,36.529999,36.98,307000,35.454921
2011-04-29,37.080002,37.18,36.560001,37.049999,226000,35.522034
2011-04-28,37.529999,37.57,36.73,36.889999,272000,35.368632
2011-04-27,37.220001,37.50,36.610001,37.279999,338100,35.742548
2011-04-26,35.93,37.529999,35.009998,37.23,768700,35.694611
2011-04-25,33.610001,34.25,33.580002,34.07,298300,32.664931
2011-04-21,34.150002,34.25,33.68,33.970001,157500,32.569057
2011-04-20,33.130001,33.849998,33.130001,33.810001,200600,32.415656
2011-04-19,32.41,32.990002,32.099998,32.560001,158400,31.217206
2011-04-18,32.75,33.23,32.470001,32.689999,342500,31.341842
2011-04-15,32.75,33.599998,32.23,33.310001,190000,31.936276
2011-04-14,32.060001,33.040001,32.00,32.98,325600,31.619884
2011-04-13,32.75,33.290001,32.029999,32.549999,263000,31.207617
2011-04-12,33.299999,33.400002,32.41,32.599998,272900,31.255554
2011-04-11,33.48,34.00,33.25,33.450001,201200,32.070502
2011-04-08,34.459999,34.459999,33.119999,33.419998,281600,32.041736
2011-04-07,35.209999,35.299999,34.080002,34.080002,345300,32.674521
2011-04-06,35.639999,35.990002,35.040001,35.119999,215900,33.671628
2011-04-05,35.419998,35.709999,35.27,35.419998,177100,33.959255
2011-04-04,35.450001,35.77,35.150002,35.43,295900,33.968845
2011-04-01,34.900002,35.580002,34.43,35.279999,154000,33.825029
2011-03-31,34.09,34.740002,33.950001,34.560001,259500,33.134725
2011-03-30,34.259998,34.389999,34.110001,34.240002,197100,32.827922
2011-03-29,33.43,34.060001,33.169998,33.950001,141800,32.549881
2011-03-28,33.869999,34.029999,33.380001,33.509998,149800,32.128025
2011-03-25,33.330002,34.41,33.00,33.720001,284600,32.329367
2011-03-24,33.110001,33.560001,32.759998,33.209999,161800,31.840398
2011-03-23,32.860001,33.25,32.27,32.939999,262700,31.581532
2011-03-22,33.25,33.450001,32.759998,33.00,144100,31.639059
2011-03-21,32.389999,33.470001,32.32,33.110001,174300,31.744523
2011-03-18,31.309999,32.380001,31.309999,32.029999,375500,30.709061
2011-03-17,31.690001,31.690001,30.65,31.120001,329200,29.836592
2011-03-16,31.50,32.080002,31.00,31.15,378400,29.865354
2011-03-15,30.66,31.940001,30.459999,31.67,326400,30.363909
2011-03-14,31.370001,32.00,31.290001,31.74,199800,30.431022
2011-03-11,31.58,32.139999,31.00,31.889999,186900,30.574836
2011-03-10,32.18,32.220001,31.34,31.67,364000,30.363909
2011-03-09,32.66,33.00,32.290001,32.860001,252500,31.504833
2011-03-08,31.74,32.950001,31.41,32.619999,236500,31.27473
2011-03-07,32.50,33.02,31.379999,31.860001,380500,30.546074
2011-03-04,33.080002,33.23,31.700001,32.310001,173000,30.977516
2011-03-03,32.34,33.099998,32.119999,32.91,421900,31.552771
2011-03-02,31.59,32.040001,31.32,31.940001,295900,30.622775
2011-03-01,33.099998,33.099998,31.290001,31.700001,285800,30.392673
2011-02-28,33.400002,33.630001,32.630001,32.889999,206700,31.533595
2011-02-25,32.220001,33.060001,32.139999,32.990002,365000,31.629473
2011-02-24,32.669998,32.98,31.860001,32.25,311500,30.91999
2011-02-23,33.66,34.959999,32.349998,32.549999,311700,31.207617
2011-02-22,35.650002,35.650002,33.50,33.689999,278900,32.300602
2011-02-18,35.880001,35.880001,35.080002,35.860001,545500,34.381112
2011-02-17,35.009998,35.57,34.959999,35.560001,123700,34.093484
2011-02-16,35.02,35.240002,34.869999,35.110001,137200,33.662042
2011-02-15,34.959999,34.990002,34.400002,34.880001,168200,33.441528
2011-02-14,35.200001,35.610001,34.669998,35.00,519400,33.556578
2011-02-11,34.349998,35.450001,34.220001,35.34,370100,33.815443
2011-02-10,34.16,34.720001,34.009998,34.59,125000,33.097798
2011-02-09,33.91,34.34,33.57,34.290001,167100,32.810741
2011-02-08,34.200001,34.459999,33.790001,34.349998,184800,32.86815
2011-02-07,34.23,34.790001,33.82,34.349998,228900,32.86815
2011-02-04,34.970001,34.970001,33.810001,34.50,159000,33.01168
2011-02-03,34.689999,35.009998,34.380001,34.880001,364500,33.375288
2011-02-02,33.84,34.849998,33.84,34.66,314400,33.164778
2011-02-01,33.790001,34.220001,33.389999,34.07,377100,32.60023
2011-01-31,35.50,35.509998,33.610001,33.720001,221500,32.265331
2011-01-28,34.509998,34.540001,33.34,33.509998,605300,32.064387
2011-01-27,35.099998,35.099998,34.43,34.610001,396100,33.116936
2011-01-26,35.400002,35.619999,34.59,35.060001,584400,33.547524
2011-01-25,33.509998,35.43,32.790001,35.419998,1311700,33.89199
2011-01-24,34.919998,36.34,34.900002,35.490002,602000,33.958974
2011-01-21,35.189999,35.400002,34.830002,35.009998,442600,33.499678
2011-01-20,35.310001,35.810001,34.82,34.91,436000,33.403993
2011-01-19,36.560001,36.779999,35.490002,35.560001,386900,34.025954
2011-01-18,35.849998,36.700001,35.599998,36.700001,615300,35.116774
2011-01-14,36.119999,36.16,35.82,36.040001,490700,34.485246
2011-01-13,36.810001,36.810001,35.830002,36.130001,373300,34.571364
2011-01-12,37.110001,37.450001,36.57,36.810001,337500,35.222029
2011-01-11,37.450001,37.91,36.740002,36.950001,303700,35.355989
2011-01-10,36.25,37.490002,36.040001,37.32,353900,35.710026
2011-01-07,37.77,37.98,35.93,36.68,328200,35.097636
2011-01-06,38.450001,38.799999,37.580002,37.779999,167400,36.150181
2011-01-05,37.610001,38.849998,37.549999,38.459999,209800,36.800846
2011-01-04,39.029999,39.029999,36.98,37.810001,342100,36.178889
2011-01-03,38.169998,39.310001,38.150002,38.66,345600,36.992219
2010-12-31,37.540001,38.220001,37.540001,37.560001,221600,35.939674
2010-12-30,38.189999,38.349998,37.68,37.689999,225700,36.064064
2010-12-29,38.299999,38.759998,38.150002,38.18,99500,36.532927
2010-12-28,38.77,38.77,38.130001,38.34,99300,36.686024
2010-12-27,38.419998,38.68,38.18,38.580002,93500,36.915672
2010-12-23,38.98,39.029999,38.48,38.540001,126900,36.877397
2010-12-22,38.830002,39.310001,38.41,39.060001,217000,37.374965
2010-12-21,38.50,38.900002,38.330002,38.82,192200,37.145317
2010-12-20,38.25,38.50,37.790001,38.189999,253600,36.542494
2010-12-17,38.299999,38.389999,37.619999,38.23,888800,36.580769
2010-12-16,37.950001,38.540001,37.689999,38.369999,380500,36.714729
2010-12-15,38.209999,38.610001,37.619999,37.82,424300,36.188456
2010-12-14,37.889999,38.419998,37.889999,38.25,307500,36.599907
2010-12-13,38.169998,38.169998,37.689999,37.869999,436800,36.236299
2010-12-10,37.700001,38.200001,36.779999,38.099998,535900,36.456376
2010-12-09,38.84,38.889999,37.970001,38.099998,443100,36.456376
2010-12-08,38.82,39.099998,38.009998,38.540001,340400,36.877397
2010-12-07,38.48,39.52,38.330002,38.639999,580500,36.973082
2010-12-06,37.849998,38.060001,37.50,37.849998,452900,36.217161
2010-12-03,36.700001,38.119999,36.41,37.950001,532300,36.312849
2010-12-02,35.68,37.099998,35.57,37.09,481000,35.489949
2010-12-01,34.50,35.720001,34.290001,35.549999,501800,34.016383
2010-11-30,33.509998,33.860001,32.939999,33.709999,584900,32.25576
2010-11-29,33.50,34.169998,32.880001,34.029999,343700,32.561955
2010-11-26,33.66,34.049999,33.599998,33.880001,139000,32.418428
2010-11-24,32.349998,34.009998,32.34,33.98,318400,32.514113
2010-11-23,31.85,32.25,31.76,32.240002,268500,30.849178
2010-11-22,31.91,32.48,31.620001,32.299999,326800,30.906587
2010-11-19,31.15,32.209999,30.959999,32.16,414200,30.772627
2010-11-18,30.98,31.50,30.90,31.200001,580200,29.854042
2010-11-17,31.879999,32.830002,30.01,30.51,1043900,29.193808
2010-11-16,32.77,33.02,32.02,32.529999,506800,31.126665
2010-11-15,33.509998,33.68,33.080002,33.200001,145200,31.767763
2010-11-12,33.119999,33.650002,32.93,33.169998,337000,31.681642
2010-11-11,32.939999,33.810001,32.77,33.57,344700,32.063695
2010-11-10,32.98,33.419998,32.459999,33.369999,207700,31.872669
2010-11-09,32.880001,33.360001,32.84,32.959999,191200,31.481066
2010-11-08,33.330002,33.490002,32.970001,33.23,146400,31.738951
2010-11-05,33.189999,33.91,33.080002,33.580002,216700,32.073248
2010-11-04,32.669998,33.169998,32.490002,33.16,315700,31.672092
2010-11-03,32.25,32.32,31.59,32.209999,158900,30.764719
2010-11-02,31.440001,32.32,31.27,32.279999,244200,30.831577
2010-11-01,31.530001,31.93,30.700001,31.01,304800,29.618564
2010-10-29,31.309999,31.639999,31.17,31.34,156800,29.933757
2010-10-28,32.139999,32.299999,31.110001,31.50,141700,30.086578
2010-10-27,31.66,31.83,31.32,31.790001,224400,30.363566
2010-10-26,31.870001,32.389999,31.68,31.98,191800,30.545039
2010-10-25,32.470001,32.599998,32.029999,32.16,196200,30.716963
2010-10-22,32.119999,32.299999,31.77,32.099998,132300,30.659654
2010-10-21,32.150002,32.650002,31.620001,32.049999,211100,30.611898
2010-10-20,31.51,32.23,31.51,31.93,267800,30.497283
2010-10-19,31.709999,32.310001,31.00,31.27,253300,29.866898
2010-10-18,31.49,32.259998,31.17,32.25,296100,30.802925
2010-10-15,33.299999,33.299999,31.10,31.530001,574100,30.115232
2010-10-14,32.790001,33.279999,32.650002,32.939999,131800,31.461963
2010-10-13,32.639999,33.209999,32.439999,32.950001,285200,31.471516
2010-10-12,32.380001,32.75,31.73,32.52,132200,31.06081
2010-10-11,32.77,32.939999,32.470001,32.630001,89900,31.165875
2010-10-08,32.349998,33.119999,32.07,32.889999,205700,31.414207
2010-10-07,32.98,33.139999,32.130001,32.470001,168300,31.013054
2010-10-06,32.369999,32.970001,32.279999,32.689999,192400,31.22318
2010-10-05,31.52,32.77,31.07,32.560001,213500,31.099016
2010-10-04,31.799999,32.139999,30.639999,30.98,202100,29.58991
2010-10-01,32.900002,32.900002,31.77,32.040001,211200,30.602348
2010-09-30,32.439999,33.18,31.780001,32.419998,553300,30.965295
2010-09-29,31.200001,32.200001,31.190001,31.99,304300,30.554591
2010-09-28,30.440001,31.389999,29.82,31.299999,227200,29.895551
2010-09-27,30.85,30.870001,30.09,30.379999,120400,29.016832
2010-09-24,30.030001,30.98,29.93,30.889999,212200,29.503948
2010-09-23,29.66,30.15,29.35,29.41,180900,28.090357
2010-09-22,30.67,31.23,29.93,30.040001,154900,28.692089
2010-09-21,30.93,31.15,30.559999,30.889999,267500,29.503948
2010-09-20,29.620001,30.959999,29.15,30.889999,257300,29.503948
2010-09-17,29.67,29.860001,28.719999,29.559999,522500,28.233626
2010-09-16,29.530001,29.790001,28.940001,29.23,158400,27.918433
2010-09-15,29.440001,29.879999,28.83,29.690001,167400,28.357794
2010-09-14,29.91,30.030001,29.50,29.610001,158200,28.281383
2010-09-13,28.91,30.34,28.91,29.98,323300,28.63478
2010-09-10,28.74,28.98,28.33,28.559999,161700,27.278496
2010-09-09,29.459999,29.60,28.50,28.719999,135800,27.431317
2010-09-08,28.67,29.559999,28.370001,29.040001,154300,27.73696
2010-09-07,29.23,29.24,28.41,28.530001,163000,27.249844
2010-09-03,28.860001,29.389999,28.559999,29.309999,199100,27.994844
2010-09-02,27.799999,28.469999,27.700001,28.42,225300,27.144779
2010-09-01,26.73,27.91,26.65,27.889999,291300,26.63856
2010-08-31,25.91,26.74,25.860001,26.120001,242900,24.947982
2010-08-30,26.82,26.99,25.99,26.02,230400,24.852469
2010-08-27,26.389999,27.09,25.610001,27.030001,185400,25.81715
2010-08-26,26.35,26.90,25.940001,25.969999,189800,24.804711
2010-08-25,25.84,26.43,25.549999,26.290001,217600,25.110354
2010-08-24,26.09,26.68,25.66,26.07,221900,24.900224
2010-08-23,27.50,27.620001,26.52,26.559999,154500,25.368238
2010-08-20,27.41,27.780001,26.77,27.360001,210600,26.132342
2010-08-19,28.469999,28.51,27.549999,27.65,226300,26.409329
2010-08-18,28.82,29.049999,28.40,28.73,284000,27.440869
2010-08-17,28.389999,29.280001,28.35,28.889999,193600,27.593689
2010-08-16,27.73,28.370001,27.40,28.049999,198400,26.79138
2010-08-13,27.950001,28.389999,27.82,28.00,245400,26.686317
2010-08-12,27.959999,28.40,27.52,28.15,241300,26.829279
2010-08-11,29.48,29.780001,28.43,28.51,392800,27.172389
2010-08-10,30.09,30.530001,29.49,30.120001,224900,28.706853
2010-08-09,30.620001,30.75,30.110001,30.59,234200,29.154801
2010-08-06,30.059999,30.49,29.42,30.360001,271700,28.935593
2010-08-05,30.43,30.950001,30.290001,30.469999,191600,29.04043
2010-08-04,30.60,30.889999,30.50,30.709999,320800,29.26917
2010-08-03,30.190001,30.969999,29.99,30.50,301200,29.069024
2010-08-02,30.90,30.90,30.00,30.35,433900,28.926062
2010-07-30,29.799999,30.74,29.799999,30.24,334100,28.821222
2010-07-29,29.469999,31.90,29.02,30.43,626200,29.002308
2010-07-28,29.629999,29.99,28.50,29.02,380700,27.658462
2010-07-27,29.23,30.23,29.23,29.77,370000,28.373274
2010-07-26,28.459999,29.00,28.07,28.98,242300,27.620337
2010-07-23,27.74,28.360001,27.530001,28.280001,451600,26.953181
2010-07-22,27.42,28.040001,27.32,27.959999,448900,26.648193
2010-07-21,27.790001,27.879999,26.77,26.85,286000,25.590272
2010-07-20,26.43,27.620001,26.25,27.52,158000,26.228837
2010-07-19,26.91,27.07,26.17,26.940001,131000,25.67605
2010-07-16,28.040001,28.09,26.75,26.860001,326200,25.599803
2010-07-15,28.67,28.860001,27.84,28.35,264400,27.019896
2010-07-14,28.34,28.860001,27.90,28.709999,280500,27.363005
2010-07-13,27.43,28.389999,27.23,28.280001,237000,26.953181
2010-07-12,27.58,27.75,26.65,27.040001,163100,25.771358
2010-07-09,27.040001,27.799999,26.940001,27.77,155900,26.467108
2010-07-08,26.75,27.309999,26.459999,27.01,234000,25.742765
2010-07-07,24.780001,26.58,24.780001,26.540001,453800,25.294817
2010-07-06,25.389999,25.67,24.440001,24.639999,265700,23.483958
2010-07-02,25.23,25.469999,24.66,24.790001,208100,23.626922
2010-07-01,25.540001,25.559999,24.48,25.040001,340000,23.865193
2010-06-30,26.030001,26.40,25.52,25.530001,221400,24.332203
2010-06-29,26.93,27.01,25.799999,26.030001,318400,24.808744
2010-06-28,27.57,27.790001,27.23,27.290001,257600,26.009629
2010-06-25,27.58,28.07,27.299999,27.65,947800,26.352737
2010-06-24,27.50,27.76,27.10,27.389999,306800,26.104936
2010-06-23,28.09,28.15,27.450001,27.66,486900,26.362268
2010-06-22,29.24,29.610001,28.18,28.209999,177000,26.886463
2010-06-21,30.27,30.559999,28.889999,29.10,161500,27.734708
2010-06-18,29.559999,30.01,29.09,29.48,394500,28.096879
2010-06-17,29.99,30.24,29.049999,29.34,223700,27.963448
2010-06-16,29.200001,30.110001,29.200001,29.870001,255900,28.468582
2010-06-15,28.35,29.540001,28.059999,29.450001,315100,28.068287
2010-06-14,28.379999,28.950001,28.049999,28.17,90700,26.848341
2010-06-11,27.309999,27.959999,27.219999,27.92,128000,26.61007
2010-06-10,26.959999,27.790001,26.959999,27.76,236300,26.457577
2010-06-09,26.90,27.209999,26.26,26.389999,373700,25.151853
2010-06-08,26.51,26.85,25.790001,26.60,345500,25.352001
2010-06-07,27.67,28.09,26.719999,26.74,565800,25.485432
2010-06-04,27.66,28.41,27.42,27.57,623500,26.276491
2010-06-03,27.969999,28.66,27.709999,28.51,294400,27.172389
2010-06-02,27.809999,28.08,27.139999,28.059999,462300,26.743501
2010-06-01,28.440001,28.83,27.60,27.65,357900,26.352737
2010-05-28,29.41,29.41,28.450001,28.700001,320700,27.353475
2010-05-27,28.43,29.459999,28.139999,29.43,381200,28.049225
2010-05-26,27.549999,28.280001,27.299999,27.66,743100,26.362268
2010-05-25,26.25,27.440001,25.74,27.34,581400,26.057282
2010-05-24,27.10,27.42,26.469999,26.969999,332200,25.704641
2010-05-21,26.870001,27.42,26.059999,27.299999,684100,26.019158
2010-05-20,28.51,28.51,27.040001,27.08,342400,25.809481
2010-05-19,29.809999,30.190001,28.76,29.309999,318600,27.934855
2010-05-18,31.00,31.209999,29.809999,30.01,271900,28.602013
2010-05-17,31.26,31.809999,29.870001,30.450001,274400,29.02137
2010-05-14,31.379999,31.90,30.639999,31.02,388000,29.564627
2010-05-13,31.82,32.25,31.719999,31.84,286700,30.28897
2010-05-12,31.25,32.07,31.25,32.00,348700,30.441175
2010-05-11,30.25,31.799999,30.25,31.040001,322500,29.527941
2010-05-10,29.48,30.860001,29.370001,30.799999,360000,29.299631
2010-05-07,29.879999,29.879999,28.379999,28.620001,486300,27.225827
2010-05-06,30.92,31.65,27.299999,29.92,595700,28.462499
2010-05-05,30.82,31.17,30.41,31.07,358400,29.556479
2010-05-04,32.650002,32.650002,30.940001,31.190001,386500,29.670634
2010-05-03,32.18,33.130001,31.73,33.060001,428600,31.449541
2010-04-30,33.599998,33.619999,32.029999,32.049999,445800,30.488739
2010-04-29,33.669998,33.900002,33.220001,33.560001,483100,31.925184
2010-04-28,33.830002,34.18,33.290001,33.369999,236100,31.744437
2010-04-27,34.00,34.84,33.610001,33.66,377000,32.020311
2010-04-26,34.669998,35.209999,34.080002,34.110001,326100,32.448391
2010-04-23,32.849998,34.98,32.689999,34.790001,516100,33.095266
2010-04-22,32.02,33.369999,31.790001,33.119999,799100,31.506616
2010-04-21,32.889999,32.98,32.060001,32.369999,609000,30.793151
2010-04-20,33.00,33.349998,32.330002,33.02,651200,31.411488
2010-04-19,33.299999,33.490002,32.209999,32.869999,341800,31.268794
2010-04-16,34.48,34.580002,33.389999,33.50,383200,31.868106
2010-04-15,34.110001,34.759998,34.110001,34.50,187900,32.819392
2010-04-14,33.799999,34.25,33.610001,34.240002,304100,32.572059
2010-04-13,33.619999,33.77,33.310001,33.529999,270400,31.896643
2010-04-12,33.650002,34.00,33.599998,33.740002,199400,32.096416
2010-04-09,33.599998,34.169998,33.459999,33.720001,354100,32.07739
2010-04-08,33.23,34.009998,33.009998,33.549999,239900,31.915669
2010-04-07,33.290001,33.59,33.110001,33.459999,432500,31.830053
2010-04-06,33.060001,33.669998,32.950001,33.48,310600,31.849079
2010-04-05,32.669998,33.34,32.360001,33.34,278800,31.7159
2010-04-01,32.119999,32.84,32.00,32.560001,224800,30.973897
2010-03-31,32.110001,32.43,31.82,31.98,371300,30.422149
2010-03-30,31.59,32.470001,31.030001,32.360001,430100,30.783639
2010-03-29,31.059999,31.67,30.860001,31.559999,153600,30.022609
2010-03-26,30.790001,31.190001,30.42,30.99,206800,29.480376
2010-03-25,31.290001,31.879999,30.700001,30.75,138500,29.252067
2010-03-24,31.620001,31.620001,30.90,30.969999,153900,29.461349
2010-03-23,31.209999,31.90,30.77,31.809999,203000,30.26043
2010-03-22,30.809999,31.32,30.25,31.26,146500,29.737223
2010-03-19,31.799999,31.809999,30.77,31.02,413000,29.508915
2010-03-18,31.51,31.889999,31.25,31.58,148000,30.041635
2010-03-17,30.93,31.780001,30.93,31.440001,186100,29.908455
2010-03-16,30.719999,30.82,30.299999,30.799999,142800,29.299631
2010-03-15,30.73,31.129999,30.370001,30.690001,141600,29.19499
2010-03-12,30.67,30.879999,30.34,30.809999,118900,29.309144
2010-03-11,30.07,30.60,29.75,30.59,145400,29.099861
2010-03-10,30.049999,30.74,29.969999,30.280001,163400,28.804963
2010-03-09,29.559999,30.379999,29.559999,30.16,259900,28.690808
2010-03-08,29.65,29.959999,29.59,29.66,95600,28.215164
2010-03-05,29.43,29.83,29.42,29.77,250700,28.319806
2010-03-04,29.17,29.57,28.83,29.110001,253700,27.691957
2010-03-03,29.639999,29.99,28.90,29.16,321400,27.739521
2010-03-02,29.33,29.67,29.23,29.450001,167200,28.015395
2010-03-01,28.90,29.860001,28.85,29.15,435000,27.730008
2010-02-26,28.469999,28.940001,28.440001,28.790001,220700,27.387546
2010-02-25,27.879999,28.700001,27.83,28.51,219200,27.121185
2010-02-24,28.059999,28.74,28.00,28.42,214900,27.035569
2010-02-23,28.040001,28.16,27.620001,27.879999,273200,26.521873
2010-02-22,28.07,28.360001,27.90,28.219999,218800,26.845311
2010-02-19,27.450001,28.17,24.99,28.07,477700,26.702618
2010-02-18,26.389999,27.48,26.389999,27.459999,245700,26.122333
2010-02-17,26.23,26.43,25.83,26.34,263500,25.056893
2010-02-16,26.219999,26.219999,25.59,26.07,287900,24.800045
2010-02-12,25.25,25.91,25.00,25.76,328500,24.505146
2010-02-11,25.18,25.83,25.10,25.67,244100,24.419531
2010-02-10,25.26,25.73,25.00,25.33,290000,24.039015
2010-02-09,25.700001,25.799999,25.09,25.43,289300,24.133919
2010-02-08,25.559999,26.00,25.10,25.18,230200,23.896661
2010-02-05,25.51,25.540001,24.59,25.51,369600,24.209842
2010-02-04,26.07,26.35,25.469999,25.530001,500300,24.228823
2010-02-03,25.709999,26.34,25.540001,26.33,377200,24.988049
2010-02-02,25.68,26.01,25.450001,25.940001,345300,24.617926
2010-02-01,25.450001,25.860001,24.60,25.68,788000,24.371177
2010-01-29,26.450001,26.889999,25.25,25.43,359400,24.133919
2010-01-28,26.870001,27.02,26.10,26.290001,242800,24.950088
2010-01-27,26.40,26.940001,25.879999,26.870001,254000,25.500528
2010-01-26,26.65,26.84,26.43,26.48,354900,25.130403
2010-01-25,26.879999,27.00,26.26,26.709999,264900,25.348681
2010-01-22,27.030001,27.40,26.379999,26.610001,438300,25.253779
2010-01-21,28.18,28.84,26.83,27.02,1031600,25.642882
2010-01-20,29.00,29.280001,28.35,28.940001,335600,27.465027
2010-01-19,28.49,29.34,28.32,29.34,471400,27.84464
2010-01-15,29.48,29.48,28.16,28.34,324800,26.895606
2010-01-14,29.24,29.42,28.73,29.32,315900,27.825658
2010-01-13,29.440001,29.940001,29.25,29.440001,467200,27.939543
2010-01-12,28.25,29.74,28.25,29.35,754800,27.85413
2010-01-11,27.58,27.75,27.16,27.66,238400,26.250263
2010-01-08,26.93,27.58,26.60,27.559999,243300,26.155359
2010-01-07,26.83,27.25,26.49,26.950001,131800,25.57645
2010-01-06,26.74,27.440001,26.74,26.83,170300,25.462566
2010-01-05,26.370001,27.33,26.26,26.82,195100,25.453075
2010-01-04,25.940001,26.99,25.940001,26.469999,360200,25.120913
2009-12-31,25.98,26.129999,25.719999,25.77,316800,24.456591
2009-12-30,26.00,26.469999,25.889999,26.10,158200,24.769772
2009-12-29,26.42,26.42,26.059999,26.18,112300,24.845694
2009-12-28,26.34,26.43,26.00,26.299999,175000,24.959577
2009-12-24,26.190001,26.360001,26.190001,26.24,36100,24.902636
2009-12-23,25.76,26.24,25.440001,26.16,208200,24.826713
2009-12-22,25.59,25.75,25.370001,25.73,233500,24.418628
2009-12-21,25.290001,25.75,25.290001,25.58,240000,24.276274
2009-12-18,25.219999,25.459999,24.950001,25.450001,692700,24.1529
2009-12-17,25.040001,25.139999,24.59,24.92,229800,23.649912
2009-12-16,24.98,25.360001,24.719999,25.34,323800,24.048506
2009-12-15,24.82,25.24,24.66,24.84,266600,23.573989
2009-12-14,24.67,25.00,24.280001,25.00,185800,23.725834
2009-12-11,24.01,24.51,23.889999,24.379999,226100,23.137433
2009-12-10,24.33,24.559999,23.790001,23.940001,174300,22.71986
2009-12-09,24.51,24.67,23.75,24.15,298900,22.919156
2009-12-08,24.73,24.93,24.34,24.440001,371700,23.194376
2009-12-07,24.42,24.98,24.42,24.90,506200,23.630931
2009-12-04,24.66,25.280001,24.360001,24.57,528600,23.31775
2009-12-03,24.469999,24.889999,24.049999,24.07,283700,22.843233
2009-12-02,23.969999,24.59,23.959999,24.25,458300,23.014059
2009-12-01,23.690001,24.15,23.450001,23.889999,319900,22.672407
2009-11-30,23.209999,23.43,22.67,23.26,380500,22.074517
2009-11-27,23.01,23.82,23.01,23.32,190800,22.131458
2009-11-25,23.83,24.290001,23.76,24.15,243200,22.919156
2009-11-24,23.82,23.889999,23.32,23.700001,273200,22.492092
2009-11-23,23.60,24.280001,23.559999,23.75,431700,22.539543
2009-11-20,23.42,23.42,22.620001,23.139999,649400,21.960632
2009-11-19,24.530001,24.610001,23.51,23.700001,1107100,22.492092
2009-11-18,26.10,26.15,25.48,25.799999,377400,24.48506
2009-11-17,25.50,26.110001,25.450001,26.07,326600,24.7413
2009-11-16,24.84,25.99,24.49,25.73,361600,24.418628
2009-11-13,24.17,24.780001,23.91,24.549999,242600,23.298769
2009-11-12,24.75,25.110001,24.040001,24.110001,197000,22.824253
2009-11-11,25.09,25.26,24.59,24.879999,198000,23.553189
2009-11-10,24.540001,25.190001,24.540001,24.790001,303400,23.46799
2009-11-09,24.459999,24.879999,24.290001,24.719999,296300,23.401721
2009-11-06,24.08,24.75,23.780001,24.10,358800,22.814786
2009-11-05,23.639999,24.549999,23.360001,24.32,381200,23.023053
2009-11-04,24.16,24.16,23.26,23.280001,391100,22.038516
2009-11-03,23.440001,24.10,23.309999,23.950001,514000,22.672786
2009-11-02,23.719999,24.120001,23.110001,23.540001,617900,22.28465
2009-10-30,23.60,23.889999,23.139999,23.51,640300,22.25625
2009-10-29,24.26,24.389999,23.68,23.790001,1221200,22.521318
2009-10-28,24.889999,24.889999,23.92,24.01,622800,22.729585
2009-10-27,25.290001,25.92,24.950001,25.030001,479500,23.695191
2009-10-26,25.40,26.33,24.950001,25.23,534400,23.884524
2009-10-23,26.200001,26.48,25.389999,25.450001,414300,24.092793
2009-10-22,25.549999,26.23,25.00,25.99,322000,24.603995
2009-10-21,25.549999,26.82,25.360001,25.549999,393300,24.187459
2009-10-20,26.17,26.33,25.370001,25.690001,278300,24.319994
2009-10-19,25.469999,26.48,25.030001,26.00,266600,24.613462
2009-10-16,25.34,25.610001,25.00,25.299999,378000,23.950791
2009-10-15,25.35,25.639999,25.190001,25.389999,424900,24.035991
2009-10-14,25.48,25.780001,25.139999,25.690001,457200,24.319994
2009-10-13,24.92,25.24,24.34,25.08,306100,23.742524
2009-10-12,25.280001,25.49,24.90,24.950001,155400,23.619457
2009-10-09,24.83,25.48,24.83,25.25,191200,23.903458
2009-10-08,24.82,25.370001,24.58,24.969999,486500,23.638389
2009-10-07,24.09,24.73,24.09,24.57,338700,23.259721
2009-10-06,23.540001,24.370001,23.51,24.190001,430300,22.899987
2009-10-05,23.02,23.530001,22.49,23.33,421700,22.085848
2009-10-02,22.950001,23.48,22.709999,22.959999,353400,21.735579
2009-10-01,24.10,24.26,23.16,23.18,501400,21.943848
2009-09-30,24.07,24.870001,23.51,24.26,451000,22.966253
2009-09-29,24.42,24.629999,24.00,24.15,222000,22.862119
2009-09-28,23.60,24.60,23.18,24.34,261400,23.041987
2009-09-25,23.940001,23.99,23.280001,23.379999,265800,22.133181
2009-09-24,24.440001,24.74,23.780001,24.059999,295100,22.776918
2009-09-23,25.09,25.10,24.42,24.440001,222100,23.136655
2009-09-22,24.90,25.32,24.639999,24.90,308500,23.572123
2009-09-21,24.540001,24.959999,24.309999,24.799999,233500,23.477455
2009-09-18,25.48,25.84,24.90,24.92,572000,23.591056
2009-09-17,25.209999,25.870001,25.00,25.40,568600,24.045458
2009-09-16,24.280001,25.24,24.200001,25.200001,556000,23.856125
2009-09-15,23.200001,24.27,23.00,24.110001,370400,22.824253
2009-09-14,22.73,23.25,22.530001,23.219999,197800,21.981714
2009-09-11,23.17,23.200001,22.41,22.91,266300,21.688246
2009-09-10,22.639999,23.18,22.60,23.17,332500,21.934381
2009-09-09,22.16,22.940001,21.870001,22.73,397600,21.517845
2009-09-08,21.82,22.16,21.549999,22.10,304800,20.921443
2009-09-04,20.98,21.75,20.92,21.610001,377700,20.457574
2009-09-03,20.639999,21.00,20.459999,20.959999,381000,19.842236
2009-09-02,20.32,20.76,20.25,20.42,397000,19.331034
2009-09-01,20.790001,21.52,20.299999,20.43,442900,19.340501
2009-08-31,21.200001,21.25,20.66,20.99,321600,19.870637
2009-08-28,21.549999,21.74,20.799999,21.389999,260000,20.249305
2009-08-27,20.559999,21.459999,20.50,21.309999,377400,20.173571
2009-08-26,20.74,20.959999,20.559999,20.68,183900,19.577169
2009-08-25,20.719999,21.10,20.60,20.84,165400,19.728636
2009-08-24,21.00,21.16,20.58,20.73,239600,19.624502
2009-08-21,20.530001,21.18,20.459999,20.99,544100,19.870637
2009-08-20,19.700001,20.440001,19.639999,20.23,281900,19.151166
2009-08-19,19.15,19.99,19.129999,19.85,210800,18.791432
2009-08-18,19.299999,19.75,19.120001,19.67,314200,18.621031
2009-08-17,19.549999,19.639999,19.02,19.18,341900,18.157162
2009-08-14,20.139999,20.190001,19.76,20.01,320600,18.942899
2009-08-13,20.190001,20.440001,19.91,20.24,371300,19.103833
2009-08-12,19.379999,20.34,19.379999,20.07,348400,18.943376
2009-08-11,19.780001,19.889999,19.209999,19.309999,211000,18.226038
2009-08-10,19.709999,20.200001,19.629999,19.950001,230000,18.830113
2009-08-07,20.02,20.389999,19.459999,19.91,496200,18.792358
2009-08-06,19.799999,20.360001,19.360001,19.459999,322300,18.367618
2009-08-05,20.52,20.52,19.530001,19.77,429800,18.660217
2009-08-04,19.719999,20.639999,19.60,20.52,303800,19.368116
2009-08-03,19.92,20.10,19.610001,19.98,471300,18.858428
2009-07-31,19.799999,20.00,19.559999,19.639999,494900,18.537514
2009-07-30,19.85,20.50,19.77,20.02,532600,18.896184
2009-07-29,19.309999,19.77,19.01,19.40,518800,18.310986
2009-07-28,18.41,19.690001,18.280001,19.530001,1030200,18.43369
2009-07-27,21.059999,21.190001,20.110001,20.35,842000,19.207659
2009-07-24,19.879999,22.110001,19.60,21.219999,1052000,20.028821
2009-07-23,20.43,21.50,20.01,21.360001,1088800,20.160963
2009-07-22,19.48,20.450001,19.34,20.42,781200,19.273729
2009-07-21,19.32,19.77,19.07,19.60,557400,18.49976
2009-07-20,18.84,19.18,18.629999,19.040001,609700,17.971196
2009-07-17,19.67,19.67,18.49,18.620001,726000,17.574773
2009-07-16,18.860001,19.68,18.549999,19.58,374300,18.480882
2009-07-15,18.07,19.10,17.889999,19.059999,477000,17.990072
2009-07-14,17.66,18.059999,17.42,17.76,246100,16.763048
2009-07-13,17.309999,17.690001,16.32,17.620001,678300,16.630907
2009-07-10,16.59,17.389999,16.43,17.299999,759400,16.328869
2009-07-09,17.25,17.860001,16.76,16.809999,698800,15.866375
2009-07-08,17.59,17.860001,16.549999,16.99,722100,16.036271
2009-07-07,17.98,18.299999,17.40,17.440001,749900,16.461011
2009-07-06,19.09,19.129999,17.969999,18.27,764100,17.244419
2009-07-02,20.10,20.23,19.01,19.16,527400,18.084459
2009-07-01,20.120001,21.139999,20.120001,20.26,707000,19.122711
2009-06-30,20.00,20.370001,19.719999,19.799999,517300,18.688532
2009-06-29,19.719999,20.190001,19.26,20.08,440600,18.952815
2009-06-26,19.610001,19.870001,19.34,19.709999,677300,18.603584
2009-06-25,19.10,19.75,18.790001,19.719999,451600,18.613023
2009-06-24,18.98,19.629999,18.76,19.18,351500,18.103337
2009-06-23,19.41,19.530001,18.610001,18.77,401600,17.716352
2009-06-22,20.33,20.33,19.33,19.360001,408900,18.273233
2009-06-19,20.65,21.16,20.389999,20.66,583800,19.500257
2009-06-18,19.82,20.389999,19.459999,20.26,362700,19.122711
2009-06-17,20.02,20.219999,19.219999,19.92,294300,18.801797
2009-06-16,20.860001,20.99,19.889999,20.00,418800,18.877306
2009-06-15,21.26,21.48,20.00,20.43,423200,19.283168
2009-06-12,21.65,21.65,20.940001,21.57,434600,20.359174
2009-06-11,22.360001,22.93,21.77,21.780001,470700,20.557387
2009-06-10,22.540001,23.09,21.59,22.25,536600,21.001003
2009-06-09,22.379999,22.469999,22.040001,22.360001,443000,21.104829
2009-06-08,23.10,23.10,21.75,22.209999,449600,20.963247
2009-06-05,23.190001,23.49,22.67,23.120001,484500,21.822167
2009-06-04,22.59,23.030001,22.32,22.969999,497300,21.680585
2009-06-03,22.700001,23.190001,22.15,22.32,743800,21.067073
2009-06-02,22.27,23.280001,22.09,22.940001,640700,21.65227
2009-06-01,21.08,22.540001,20.93,22.360001,746800,21.104829
2009-05-29,20.52,20.99,20.200001,20.530001,851800,19.377555
2009-05-28,19.60,20.629999,19.43,20.25,801600,19.113272
2009-05-27,19.59,20.049999,19.379999,19.450001,448900,18.358181
2009-05-26,18.610001,19.809999,18.51,19.77,588500,18.660217
2009-05-22,19.629999,19.629999,18.59,18.629999,394500,17.58421
2009-05-21,19.35,19.379999,18.790001,19.290001,488400,18.207162
2009-05-20,20.10,20.889999,19.700001,19.84,442500,18.726288
2009-05-19,19.83,20.24,19.469999,19.969999,522600,18.848989
2009-05-18,19.719999,20.09,19.23,20.02,616200,18.896184
2009-05-15,20.16,20.18,19.23,19.370001,631400,18.282672
2009-05-14,20.120001,20.65,19.85,20.23,479700,19.094395
2009-05-13,21.17,21.17,19.91,19.969999,785300,18.792357
2009-05-12,21.559999,21.790001,20.99,21.540001,703900,20.269775
2009-05-11,21.459999,21.639999,20.940001,21.25,592400,19.996875
2009-05-08,19.459999,21.83,19.459999,21.83,672700,20.542672
2009-05-07,21.01,21.17,19.57,19.870001,736200,18.698256
2009-05-06,21.23,21.549999,20.25,20.870001,839000,19.639285
2009-05-05,21.129999,21.43,20.469999,20.799999,538900,19.573411
2009-05-04,20.780001,21.190001,20.42,21.17,787300,19.921593
2009-05-01,19.959999,20.84,19.77,20.25,637000,19.055846
2009-04-30,20.98,21.50,19.940001,19.959999,832400,18.782947
2009-04-29,18.950001,20.85,18.950001,20.68,1051500,19.460489
2009-04-28,18.40,19.030001,18.17,18.629999,568700,17.531377
2009-04-27,18.25,19.120001,17.90,18.59,984000,17.493737
2009-04-24,18.309999,18.90,18.09,18.709999,1326200,17.60666
2009-04-23,18.76,19.059999,16.99,18.10,3066100,17.032633
2009-04-22,13.81,15.47,13.81,15.00,1311800,14.115441
2009-04-21,13.37,14.21,13.25,14.18,587600,13.343798
2009-04-20,14.39,14.41,13.35,13.57,635600,12.769769
2009-04-17,14.59,14.98,14.27,14.84,558600,13.964877
2009-04-16,13.96,14.79,13.90,14.60,582100,13.73903
2009-04-15,13.50,13.89,13.40,13.85,446200,13.033258
2009-04-14,13.56,14.02,13.20,13.66,702600,12.854462
2009-04-13,13.50,14.22,13.27,13.81,654700,12.995617
2009-04-09,12.95,13.94,12.86,13.86,810300,13.042668
2009-04-08,12.24,12.65,12.19,12.53,442100,11.791098
2009-04-07,12.61,12.72,12.06,12.09,650000,11.377046
2009-04-06,12.48,12.88,12.39,12.84,612000,12.082818
2009-04-03,12.23,12.61,11.96,12.54,583000,11.800509
2009-04-02,11.72,12.67,11.71,12.34,1030000,11.612303
2009-04-01,10.96,11.38,10.66,11.35,598000,10.680684
2009-03-31,11.25,11.60,11.00,11.18,665100,10.520709
2009-03-30,11.44,11.50,10.83,11.03,884500,10.379554
2009-03-27,12.10,12.19,11.64,11.80,1298700,11.104147
2009-03-26,10.81,12.43,10.70,12.36,2821600,11.631123
2009-03-25,9.60,10.33,9.50,10.17,1633300,9.570269
2009-03-24,9.54,9.71,9.35,9.46,918300,8.902138
2009-03-23,9.22,9.85,9.22,9.85,952100,9.26914
2009-03-20,9.73,9.77,8.79,8.80,1288000,8.281059
2009-03-19,9.90,9.90,9.50,9.60,784000,9.033883
2009-03-18,9.50,9.79,9.12,9.67,1287800,9.099755
2009-03-17,9.08,9.60,9.00,9.59,1003100,9.024472
2009-03-16,9.61,9.67,9.09,9.10,897500,8.563368
2009-03-13,9.51,9.64,9.26,9.45,637200,8.892728
2009-03-12,9.91,9.91,8.52,9.39,861900,8.836267
2009-03-11,8.73,9.40,8.61,9.15,1371800,8.610419
2009-03-10,8.32,8.73,8.06,8.51,1917000,8.008161
2009-03-09,8.92,9.10,8.00,8.04,2114900,7.565877
2009-03-06,10.18,10.30,8.61,9.08,2327900,8.544547
2009-03-05,11.05,11.19,10.13,10.22,1438300,9.617321
2009-03-04,11.99,11.99,10.44,11.38,1412400,10.708915
2009-03-03,11.80,12.14,11.62,11.68,1421500,10.991224
2009-03-02,14.99,15.20,10.98,11.55,4684800,10.86889
2009-02-27,16.73,17.620001,16.709999,17.219999,718200,16.204526
2009-02-26,17.51,17.860001,17.08,17.10,546300,16.091604
2009-02-25,17.540001,17.68,16.959999,17.200001,887900,16.185707
2009-02-24,16.73,17.85,16.68,17.65,944700,16.609169
2009-02-23,17.40,17.530001,16.530001,16.57,925900,15.592857
2009-02-20,17.459999,17.719999,16.76,17.290001,795100,16.2704
2009-02-19,18.280001,18.540001,17.790001,17.790001,489200,16.740914
2009-02-18,18.75,18.950001,18.00,18.040001,596000,16.976172
2009-02-17,18.809999,19.17,18.370001,18.50,1010800,17.409044
2009-02-13,19.50,19.65,18.84,19.17,748900,18.039534
2009-02-12,18.90,19.299999,18.450001,19.219999,515200,18.086585
2009-02-11,19.469999,19.799999,18.870001,19.110001,522900,17.983073
2009-02-10,20.030001,20.35,19.33,19.440001,897000,18.237151
2009-02-09,20.549999,20.719999,20.02,20.32,485600,19.0627
2009-02-06,19.91,20.719999,19.65,20.639999,593700,19.3629
2009-02-05,19.50,20.41,19.200001,19.959999,498700,18.724974
2009-02-04,19.879999,20.549999,19.43,19.709999,595900,18.490443
2009-02-03,20.27,20.290001,19.48,20.00,592700,18.7625
2009-02-02,20.030001,20.450001,19.639999,20.24,630600,18.98765
2009-01-30,21.940001,22.030001,20.34,20.57,528700,19.297231
2009-01-29,22.309999,22.50,21.290001,21.58,644200,20.244738
2009-01-28,22.450001,22.93,22.23,22.67,437000,21.267294
2009-01-27,22.129999,22.440001,21.629999,22.01,548600,20.648132
2009-01-26,22.40,23.18,21.559999,22.07,831000,20.704419
2009-01-23,21.52,22.719999,21.35,22.379999,1042500,20.995237
2009-01-22,22.799999,23.00,21.459999,22.27,1143500,20.892044
2009-01-21,23.950001,25.40,22.799999,23.42,3065600,21.970888
2009-01-20,21.129999,21.57,19.57,19.90,744700,18.668687
2009-01-16,21.370001,21.77,20.57,21.33,459400,20.010206
2009-01-15,20.360001,21.200001,19.700001,21.059999,828200,19.756912
2009-01-14,21.49,21.860001,20.450001,20.49,583300,19.222181
2009-01-13,21.17,21.85,21.16,21.690001,387000,20.347932
2009-01-12,22.50,22.549999,21.07,21.35,694500,20.028969
2009-01-09,23.50,23.790001,22.32,22.57,407000,21.173481
2009-01-08,23.27,23.76,22.940001,23.48,587300,22.027175
2009-01-07,24.129999,24.24,23.07,23.33,496700,21.886457
2009-01-06,24.209999,25.10,23.51,24.709999,385100,23.181068
2009-01-05,23.959999,24.309999,23.08,24.01,393200,22.524382
2009-01-02,23.15,24.42,22.629999,24.10,410100,22.608813
2008-12-31,22.24,23.200001,22.24,23.02,559200,21.595638
2008-12-30,21.530001,22.18,21.290001,22.120001,320600,20.751326
2008-12-29,22.15,22.17,20.98,21.26,389800,19.944538
2008-12-26,22.07,22.18,21.309999,22.15,209200,20.779469
2008-12-24,21.299999,22.059999,21.07,22.030001,152700,20.666895
2008-12-23,21.91,22.200001,21.059999,21.32,516000,20.000825
2008-12-22,22.540001,22.639999,20.969999,21.66,621100,20.319788
2008-12-19,22.290001,23.17,21.02,22.559999,1492400,21.1641
2008-12-18,22.67,22.92,21.139999,21.73,5766400,20.385456
2008-12-17,21.469999,22.68,20.92,22.549999,744700,21.154718
2008-12-16,20.67,21.92,20.290001,21.82,936200,20.469888
2008-12-15,20.860001,21.049999,19.780001,20.139999,468300,18.893837
2008-12-12,19.00,20.85,19.00,20.75,706100,19.466094
2008-12-11,20.030001,20.98,19.209999,19.43,736900,18.227769
2008-12-10,20.75,21.41,20.00,20.379999,948600,19.118987
2008-12-09,22.209999,22.690001,20.299999,20.42,920400,19.156513
2008-12-08,21.24,22.860001,21.07,22.469999,887500,21.079668
2008-12-05,19.190001,20.76,18.959999,20.68,895800,19.400426
2008-12-04,19.98,21.00,19.209999,19.639999,703400,18.424775
2008-12-03,19.60,21.00,19.00,20.860001,984500,19.569288
2008-12-02,19.469999,20.200001,18.809999,20.10,1003600,18.856313
2008-12-01,20.48,20.870001,18.870001,18.950001,1023900,17.77747
2008-11-28,20.940001,21.27,20.450001,21.24,420600,19.925775
2008-11-26,18.75,21.190001,17.82,21.08,724400,19.775675
2008-11-25,18.799999,19.51,18.200001,19.40,1460600,18.199625
2008-11-24,17.799999,19.040001,17.65,18.67,1067300,17.514794
2008-11-21,17.48,18.50,16.209999,17.799999,1663300,16.698625
2008-11-20,17.74,19.60,15.88,17.059999,3636200,16.004412
2008-11-19,24.17,24.32,22.030001,22.08,919300,20.7138
2008-11-18,23.93,24.93,23.01,24.18,1027400,22.683863
2008-11-17,24.450001,24.99,23.459999,23.940001,698900,22.458713
2008-11-14,25.76,26.65,24.58,24.76,703300,23.227976
2008-11-13,24.85,26.50,22.75,26.35,1015600,24.719594
2008-11-12,26.32,27.33,24.75,24.77,744400,23.18107
2008-11-11,27.15,28.129999,26.209999,26.860001,523700,25.137003
2008-11-10,29.00,29.02,26.790001,27.450001,533200,25.689156
2008-11-07,27.98,29.33,27.24,28.15,749700,26.344252
2008-11-06,29.07,29.950001,27.57,27.639999,653200,25.866967
2008-11-05,31.91,32.77,29.25,29.42,813900,27.532785
2008-11-04,33.18,34.099998,31.540001,32.299999,672400,30.22804
2008-11-03,31.93,32.799999,31.23,32.290001,626500,30.218683
2008-10-31,32.009998,33.560001,30.870001,32.099998,842400,30.040869
2008-10-30,31.68,32.98,30.82,32.040001,497400,29.98472
2008-10-29,30.379999,32.66,28.75,30.77,1005000,28.796186
2008-10-28,27.969999,30.09,25.440001,29.99,794000,28.066221
2008-10-27,26.74,28.24,25.93,25.959999,527400,24.294734
2008-10-24,25.620001,28.059999,25.34,27.110001,819100,25.370966
2008-10-23,29.129999,30.01,26.540001,28.34,826700,26.522064
2008-10-22,31.450001,31.98,28.00,28.780001,769100,26.93384
2008-10-21,33.049999,34.07,32.00,32.09,661900,30.031512
2008-10-20,31.90,33.48,31.42,33.470001,1149500,31.322989
2008-10-17,30.629999,33.669998,28.98,31.469999,1109200,29.451282
2008-10-16,28.09,31.74,27.51,31.440001,1033000,29.423208
2008-10-15,29.68,30.65,27.60,27.610001,974800,25.838892
2008-10-14,35.00,35.150002,29.75,30.24,1055800,28.300184
2008-10-13,29.32,32.490002,28.58,32.419998,1006800,30.340341
2008-10-10,24.629999,29.299999,24.26,28.25,1340300,26.437837
2008-10-09,26.85,27.90,25.01,25.10,1013300,23.489902
2008-10-08,25.83,28.110001,25.610001,26.200001,1099500,24.51934
2008-10-07,28.799999,29.34,26.440001,26.540001,872200,24.83753
2008-10-06,29.139999,29.68,26.27,28.299999,1008700,26.484629
2008-10-03,31.15,32.330002,29.68,29.780001,838900,27.869692
2008-10-02,33.77,34.139999,29.82,30.10,819500,28.169165
2008-10-01,35.669998,35.990002,33.189999,33.490002,820600,31.341707
2008-09-30,34.790001,35.560001,34.009998,35.27,645600,33.007523
2008-09-29,37.830002,37.830002,33.00,34.32,629700,32.118463
2008-09-26,37.50,38.689999,36.82,38.599998,449900,36.123911
2008-09-25,37.990002,38.860001,37.77,38.369999,340400,35.908665
2008-09-24,38.00,38.689999,37.50,37.810001,468200,35.38459
2008-09-23,38.869999,39.389999,37.50,37.849998,419700,35.422021
2008-09-22,39.900002,40.25,38.610001,38.759998,711600,36.273647
2008-09-19,39.130001,41.43,39.02,39.939999,1676200,37.377953
2008-09-18,37.34,37.939999,33.720001,37.48,1124800,35.075757
2008-09-17,38.75,39.389999,35.00,35.950001,964000,33.643903
2008-09-16,37.299999,39.630001,36.369999,39.419998,867800,36.89131
2008-09-15,40.18,40.880001,37.400002,37.799999,676900,35.375229
2008-09-12,41.540001,41.830002,40.220001,41.580002,428100,38.912755
2008-09-11,40.450001,41.799999,39.549999,41.610001,892900,38.940829
2008-09-10,38.16,40.290001,37.66,39.849998,933400,37.293727
2008-09-09,39.919998,40.669998,37.419998,37.599998,665100,35.188058
2008-09-08,42.139999,43.00,39.400002,40.34,773300,37.752296
2008-09-05,39.610001,41.77,39.299999,41.50,727700,38.837885
2008-09-04,44.00,44.34,39.779999,39.810001,1126300,37.256295
2008-09-03,45.880001,46.049999,44.16,44.240002,670500,41.402123
2008-09-02,46.990002,47.700001,45.490002,45.880001,423800,42.93692
2008-08-29,46.669998,46.669998,45.889999,46.330002,441700,43.358055
2008-08-28,45.049999,46.77,44.970001,46.759998,666000,43.760468
2008-08-27,45.389999,45.889999,44.830002,44.970001,532200,42.085295
2008-08-26,44.330002,45.790001,44.330002,45.290001,502800,42.384767
2008-08-25,45.98,45.98,44.68,44.860001,410500,41.98235
2008-08-22,45.290001,46.48,44.779999,46.34,492200,43.367412
2008-08-21,45.009998,45.990002,44.580002,45.299999,408600,42.394124
2008-08-20,44.490002,46.040001,44.029999,45.810001,702800,42.871411
2008-08-19,45.540001,45.93,43.459999,44.400002,783300,41.551859
2008-08-18,46.77,46.799999,45.18,45.880001,326600,42.93692
2008-08-15,47.470001,47.50,46.040001,46.73,471700,43.732394
2008-08-14,46.549999,47.110001,46.369999,46.91,464000,43.900848
2008-08-13,45.939999,47.240002,45.939999,46.869999,520500,43.863413
2008-08-12,46.759998,47.259998,46.220001,46.77,678300,43.713676
2008-08-11,46.259998,48.619999,46.259998,48.130001,620200,44.984803
2008-08-08,45.50,48.25,45.099998,47.93,578500,44.797872
2008-08-07,45.759998,46.450001,45.389999,46.00,271600,42.993993
2008-08-06,46.619999,46.68,45.779999,46.380001,459600,43.349162
2008-08-05,44.990002,46.880001,44.990002,46.84,657000,43.779101
2008-08-04,47.150002,47.150002,44.200001,44.630001,546500,41.713521
2008-08-01,45.009998,46.830002,44.509998,46.639999,584900,43.59217
2008-07-31,45.75,46.50,45.00,45.00,604200,42.059341
2008-07-30,46.150002,47.599998,44.709999,46.290001,805300,43.265043
2008-07-29,44.200001,46.099998,44.200001,45.82,706200,42.825756
2008-07-28,45.50,46.75,44.00,45.34,864600,42.377123
2008-07-25,43.91,44.650002,43.200001,44.349998,584400,41.451816
2008-07-24,43.50,44.599998,43.029999,43.52,927300,40.676057
2008-07-23,44.630001,44.98,42.130001,43.139999,1331200,40.320888
2008-07-22,41.400002,45.25,41.189999,45.139999,2339800,42.190192
2008-07-21,38.00,38.459999,37.110001,38.240002,906900,35.741095
2008-07-18,37.869999,38.00,36.709999,37.32,547700,34.881213
2008-07-17,37.00,37.950001,36.75,37.150002,557100,34.722324
2008-07-16,35.610001,36.959999,34.75,36.869999,678600,34.460619
2008-07-15,34.970001,35.799999,33.619999,34.970001,473600,32.684783
2008-07-14,35.650002,36.43,35.099998,35.639999,366600,33.310998
2008-07-11,35.52,35.66,34.099998,35.34,419800,33.030603
2008-07-10,35.389999,36.220001,34.880001,35.91,349400,33.563354
2008-07-09,35.939999,36.919998,35.509998,35.57,575600,33.245572
2008-07-08,35.130001,35.619999,34.18,35.52,495100,33.198841
2008-07-07,35.18,35.639999,34.09,35.139999,758000,32.843672
2008-07-03,34.889999,35.290001,33.32,34.900002,602100,32.619357
2008-07-02,36.66,36.700001,33.25,33.299999,981500,31.123912
2008-07-01,35.599998,37.00,35.25,36.759998,696200,34.357807
2008-06-30,36.41,36.759998,35.619999,35.66,606500,33.329691
2008-06-27,36.860001,37.360001,35.880001,36.470001,1484100,34.086761
2008-06-26,37.799999,37.889999,36.650002,37.02,615000,34.600819
2008-06-25,39.560001,39.560001,37.939999,38.080002,776300,35.591551
2008-06-24,40.029999,40.439999,39.240002,39.380001,398700,36.806598
2008-06-23,40.759998,40.900002,39.59,40.07,462900,37.451507
2008-06-20,39.549999,40.599998,39.400002,40.349998,1160300,37.713208
2008-06-19,38.939999,39.849998,38.509998,39.84,399500,37.236537
2008-06-18,39.220001,39.310001,38.41,38.93,339300,36.386004
2008-06-17,39.759998,39.849998,38.799999,39.240002,438800,36.675747
2008-06-16,39.709999,39.869999,38.82,39.720001,376400,37.12438
2008-06-13,38.259998,39.84,37.540001,39.779999,671900,37.180457
2008-06-12,38.209999,39.09,37.619999,37.779999,515100,35.311153
2008-06-11,38.639999,39.41,37.84,37.84,679600,35.367233
2008-06-10,39.209999,39.259998,37.950001,38.82,738000,36.283192
2008-06-09,38.650002,38.98,37.77,38.599998,704400,36.077567
2008-06-06,40.400002,41.50,38.380001,38.400002,1068800,35.890639
2008-06-05,39.759998,40.619999,38.919998,40.48,704600,37.834714
2008-06-04,38.990002,39.529999,38.459999,38.66,831900,36.133647
2008-06-03,39.720001,40.150002,38.68,39.25,531000,36.685092
2008-06-02,40.150002,40.200001,39.00,39.639999,592300,37.049606
2008-05-30,40.400002,40.630001,39.720001,40.27,535300,37.638438
2008-05-29,39.049999,41.169998,38.700001,39.919998,1099400,37.311307
2008-05-28,39.799999,39.990002,38.290001,39.380001,464000,36.806598
2008-05-27,38.400002,39.599998,38.00,39.560001,672500,36.974836
2008-05-23,37.869999,38.450001,37.240002,38.060001,576200,35.572858
2008-05-22,38.560001,38.84,37.869999,38.48,712400,35.96541
2008-05-21,39.150002,39.849998,38.360001,38.630001,1021400,36.105609
2008-05-20,38.400002,39.200001,37.849998,38.549999,1688100,36.030835
2008-05-19,41.580002,41.580002,39.130001,39.189999,1347700,36.629012
2008-05-16,41.07,42.77,39.25,40.68,2569400,38.021645
2008-05-15,37.099998,39.200001,36.91,39.139999,2550200,36.58228
2008-05-14,34.82,35.330002,34.580002,34.639999,558100,32.376346
2008-05-13,34.830002,34.990002,34.16,34.82,369100,32.488505
2008-05-12,34.119999,34.959999,33.720001,34.799999,435000,32.469844
2008-05-09,33.07,34.139999,32.650002,33.98,267100,31.70475
2008-05-08,33.299999,34.040001,33.139999,33.560001,243700,31.312874
2008-05-07,34.599998,34.709999,33.119999,33.23,334500,31.004969
2008-05-06,34.009998,34.880001,33.830002,34.549999,315600,32.236584
2008-05-05,34.439999,34.59,34.00,34.279999,299200,31.984662
2008-05-02,35.240002,35.73,34.25,34.360001,449700,32.059307
2008-05-01,35.00,35.459999,34.779999,35.220001,468900,32.861723
2008-04-30,35.200001,35.59,34.880001,35.130001,652400,32.777749
2008-04-29,35.48,35.639999,34.860001,35.02,343600,32.675114
2008-04-28,35.220001,35.50,34.939999,35.400002,551400,33.029671
2008-04-25,34.57,35.439999,34.25,35.349998,653200,32.983016
2008-04-24,34.669998,34.970001,33.75,34.50,550900,32.189932
2008-04-23,32.16,35.290001,32.16,34.799999,1119000,32.469844
2008-04-22,31.25,34.77,31.219999,33.98,2101600,31.70475
2008-04-21,28.00,29.809999,27.98,29.450001,715100,27.478073
2008-04-18,27.719999,28.23,27.299999,27.969999,502800,26.09717
2008-04-17,27.43,27.74,27.16,27.16,288000,25.341407
2008-04-16,27.129999,27.66,27.02,27.58,328000,25.733285
2008-04-15,26.41,26.99,26.40,26.879999,563700,25.080155
2008-04-14,26.870001,26.870001,26.27,26.280001,578100,24.520332
2008-04-11,27.25,27.459999,26.629999,26.83,236000,25.033504
2008-04-10,27.85,27.959999,27.35,27.870001,232400,26.003868
2008-04-09,27.98,28.370001,27.620001,27.870001,232400,26.003868
2008-04-08,28.040001,28.200001,27.67,27.889999,214400,26.022527
2008-04-07,29.00,29.389999,28.200001,28.280001,260200,26.386415
2008-04-04,28.969999,29.290001,28.43,28.82,215800,26.890256
2008-04-03,28.51,29.02,28.200001,28.82,296000,26.890256
2008-04-02,28.110001,29.02,27.780001,28.74,433600,26.815613
2008-04-01,27.219999,28.24,27.030001,28.24,665200,26.349092
2008-03-31,27.10,27.32,26.459999,26.719999,625200,24.930869
2008-03-28,27.59,27.93,26.950001,27.02,515200,25.210782
2008-03-27,28.67,28.67,27.42,27.49,473600,25.649311
2008-03-26,28.790001,28.870001,28.299999,28.700001,309500,26.778292
2008-03-25,29.030001,29.17,28.34,28.99,316300,27.048873
2008-03-24,28.219999,29.379999,28.030001,28.950001,377400,27.011553
2008-03-20,28.32,28.32,27.10,28.00,1155200,26.125162
2008-03-19,29.629999,29.98,28.030001,28.030001,341600,26.153154
2008-03-18,28.58,29.309999,27.959999,29.290001,454600,27.328787
2008-03-17,26.82,27.57,26.469999,27.08,389800,25.266764
2008-03-14,29.059999,29.17,26.940001,27.629999,591100,25.779936
2008-03-13,28.049999,29.00,27.59,28.870001,356000,26.936909
2008-03-12,28.709999,29.26,28.18,28.200001,576300,26.311771
2008-03-11,27.67,28.65,27.450001,28.610001,401100,26.694318
2008-03-10,28.139999,28.25,26.639999,26.75,456800,24.95886
2008-03-07,27.50,28.57,27.50,28.040001,405600,26.162485
2008-03-06,28.08,28.49,27.50,27.700001,434300,25.845251
2008-03-05,28.41,28.90,28.01,28.290001,482700,26.395745
2008-03-04,28.33,28.68,27.809999,28.290001,779900,26.395745
2008-03-03,28.65,29.07,27.709999,28.57,968900,26.656996
2008-02-29,29.959999,29.959999,28.49,28.57,884800,26.656996
2008-02-28,31.139999,31.17,30.049999,30.18,486500,28.159193
2008-02-27,31.74,32.279999,31.209999,31.459999,216000,29.353485
2008-02-26,31.450001,32.59,31.370001,32.119999,318000,29.969292
2008-02-25,31.42,31.82,30.51,31.60,293500,29.484112
2008-02-22,31.030001,31.40,30.27,31.35,314700,29.250852
2008-02-21,32.93,32.93,30.77,30.92,480100,28.849644
2008-02-20,31.700001,32.75,31.639999,32.630001,370800,30.445146
2008-02-19,32.330002,32.470001,31.540001,31.90,469600,29.764024
2008-02-15,31.43,31.99,30.91,31.84,338200,29.708042
2008-02-14,65.650002,66.860001,62.299999,63.07,480800,29.423464
2008-02-13,64.25,65.889999,63.18,65.580002,584600,30.594432
2008-02-12,62.639999,63.970001,62.50,63.50,433000,29.596077
2008-02-11,60.57,62.389999,59.82,62.189999,466600,28.985511
2008-02-08,59.16,61.189999,58.900002,60.43,688000,28.165212
2008-02-07,60.009998,60.970001,58.580002,59.419998,656400,27.69447
2008-02-06,63.470001,63.470001,60.060001,60.23,496000,28.071995
2008-02-05,62.52,63.490002,62.52,62.630001,717600,29.190588
2008-02-04,63.59,64.300003,61.990002,63.919998,469400,29.79183
2008-02-01,62.970001,64.169998,61.490002,63.639999,544400,29.661328
2008-01-31,58.459999,63.75,58.00,62.779999,602400,29.260499
2008-01-30,60.580002,61.650002,59.200001,59.459999,533600,27.713113
2008-01-29,61.130001,61.889999,59.610001,60.959999,543600,28.412233
2008-01-28,58.709999,61.080002,58.139999,60.639999,505600,28.263088
2008-01-25,60.810001,61.830002,58.400002,58.709999,879600,27.363553
2008-01-24,56.939999,61.099998,56.07,59.82,1031000,27.880902
2008-01-23,56.099998,56.299999,53.119999,55.709999,1289200,25.965314
2008-01-22,49.00,58.77,49.00,56.529999,1407400,26.347499
2008-01-18,50.049999,52.869999,50.00,52.259998,926400,24.357337
2008-01-17,57.830002,58.049999,49.900002,50.029999,1109600,23.317979
2008-01-16,57.869999,59.040001,56.189999,57.740002,568200,26.911457
2008-01-15,58.57,59.52,57.630001,58.139999,811000,27.097888
2008-01-14,59.639999,60.389999,58.810001,59.23,788400,27.605915
2008-01-11,61.50,61.790001,59.34,59.470001,330800,27.717775
2008-01-10,60.23,62.490002,59.619999,61.959999,446600,28.878313
2008-01-09,60.529999,61.169998,57.849998,60.700001,663000,28.291053
2008-01-08,65.379997,66.169998,61.009998,61.009998,472800,28.435537
2008-01-07,64.110001,66.870003,63.709999,65.199997,411200,30.388411
2008-01-04,66.93,68.199997,63.369999,63.68,295000,29.679971
2008-01-03,66.489998,69.029999,66.489998,67.93,287400,31.660811
2008-01-02,67.849998,68.199997,65.709999,66.220001,223800,30.863815
2007-12-31,68.459999,69.389999,67.550003,67.949997,231600,31.670131
2007-12-28,69.190002,70.529999,68.379997,68.93,245200,32.126891
2007-12-27,71.68,71.68,68.559998,68.690002,244000,32.015033
2007-12-26,71.599998,72.260002,71.059998,71.690002,309400,33.413273
2007-12-24,71.309998,72.00,71.209999,72.00,124400,33.557756
2007-12-21,70.099998,71.129997,69.870003,70.860001,1056400,33.026426
2007-12-20,68.309998,69.779999,67.279999,69.720001,283200,32.495095
2007-12-19,68.260002,68.82,66.970001,68.400002,260000,31.879869
2007-12-18,67.970001,68.459999,65.470001,68.25,320400,31.809957
2007-12-17,68.190002,68.980003,67.010002,67.010002,175400,31.232018
2007-12-14,69.050003,70.169998,68.25,68.699997,279800,32.019691
2007-12-13,69.00,70.739998,68.760002,70.279999,342200,32.756098
2007-12-12,68.919998,70.449997,68.300003,69.739998,399000,32.504415
2007-12-11,70.559998,70.989998,66.910004,66.910004,346200,31.185411
2007-12-10,70.870003,70.959999,69.550003,70.489998,278200,32.853975
2007-12-07,72.43,72.43,70.339996,70.870003,284400,33.031087
2007-12-06,70.099998,72.43,70.099998,72.43,268400,33.758171
2007-12-05,68.870003,70.870003,68.730003,70.18,253400,32.709491
2007-12-04,67.709999,69.209999,67.00,67.650002,363400,31.530309
2007-12-03,70.470001,70.470001,68.290001,68.480003,529800,31.917157
2007-11-30,69.910004,69.959999,67.489998,68.540001,568600,31.94512
2007-11-29,69.139999,69.949997,67.989998,68.25,477200,31.809957
2007-11-28,67.50,69.68,67.089996,69.589996,332600,32.434502
2007-11-27,66.379997,67.949997,66.190002,66.889999,361000,31.176088
2007-11-26,66.690002,67.989998,66.050003,66.300003,300800,30.901102
2007-11-23,65.550003,67.139999,65.169998,66.739998,122200,31.106175
2007-11-21,66.669998,67.089996,65.07,65.139999,458200,30.360448
2007-11-20,64.459999,67.190002,64.00,67.190002,596600,31.315913
2007-11-19,64.889999,66.900002,64.220001,64.730003,442800,30.169357
2007-11-16,66.00,66.43,64.279999,65.459999,574600,30.509593
2007-11-15,68.989998,69.50,61.560001,66.019997,1551200,30.770597
2007-11-14,65.080002,65.660004,64.220001,64.57,208600,30.043512
2007-11-13,64.059998,65.660004,62.950001,65.279999,271600,30.373865
2007-11-12,65.00,65.459999,63.150002,63.59,307600,29.587532
2007-11-09,64.00,65.970001,63.509998,65.07,250200,30.276155
2007-11-08,64.699997,66.32,63.509998,64.849998,304000,30.173792
2007-11-07,66.150002,66.709999,64.00,64.07,192400,29.810869
2007-11-06,66.110001,67.209999,64.769997,67.099998,197600,31.220685
2007-11-05,65.389999,66.57,65.00,66.010002,343400,30.713525
2007-11-02,66.029999,66.730003,64.900002,66.379997,258600,30.885679
2007-11-01,66.150002,66.290001,64.650002,65.00,395600,30.243585
2007-10-31,65.599998,67.300003,64.970001,67.00,261200,31.174157
2007-10-30,64.779999,65.900002,64.50,65.080002,198400,30.280809
2007-10-29,65.220001,65.989998,64.660004,64.959999,263000,30.224973
2007-10-26,65.32,65.989998,64.50,65.010002,488400,30.248239
2007-10-25,63.66,65.690002,63.50,64.669998,407800,30.09004
2007-10-24,62.169998,63.66,60.900002,63.57,291400,29.578226
2007-10-23,62.380001,62.720001,60.849998,62.52,292000,29.089676
2007-10-22,60.119999,62.00,59.369999,61.650002,378200,28.684878
2007-10-19,64.660004,64.660004,60.549999,60.549999,312200,28.173063
2007-10-18,62.549999,64.790001,62.450001,64.650002,343000,30.080736
2007-10-17,64.150002,65.239998,62.450001,62.84,255200,29.238568
2007-10-16,63.330002,64.940002,63.200001,63.290001,311000,29.447947
2007-10-15,64.160004,65.330002,63.200001,63.630001,416000,29.606144
2007-10-12,64.300003,65.199997,63.259998,64.220001,179800,29.880663
2007-10-11,65.360001,65.809998,63.380001,64.040001,345200,29.796911
2007-10-10,65.629997,66.949997,64.709999,64.900002,261800,30.197057
2007-10-09,65.919998,66.769997,64.699997,65.900002,305600,30.662343
2007-10-08,67.339996,67.779999,65.589996,65.870003,298800,30.648385
2007-10-05,66.300003,67.75,65.860001,67.379997,215400,31.350964
2007-10-04,65.949997,66.769997,64.919998,65.519997,139400,30.485532
2007-10-03,64.029999,66.690002,64.029999,65.510002,332400,30.480882
2007-10-02,63.73,65.190002,63.490002,65.00,268400,30.243585
2007-10-01,62.259998,64.00,61.52,63.900002,199000,29.731771
2007-09-28,62.66,63.279999,62.029999,62.400002,304000,29.033843
2007-09-27,63.529999,63.529999,62.200001,62.830002,200200,29.233916
2007-09-26,62.990002,63.779999,62.59,63.439999,226400,29.517739
2007-09-25,61.919998,62.759998,61.16,62.580002,198000,29.117594
2007-09-24,62.209999,63.540001,61.720001,62.439999,233800,29.052453
2007-09-21,62.439999,63.610001,61.799999,62.099998,508200,28.894255
2007-09-20,61.799999,62.119999,61.00,61.919998,175000,28.810504
2007-09-19,58.860001,63.25,58.860001,61.779999,661600,28.745364
2007-09-18,56.75,59.509998,56.040001,58.939999,334000,27.423952
2007-09-17,57.439999,57.93,56.080002,56.330002,466400,26.209557
2007-09-14,56.639999,58.040001,56.080002,57.720001,237400,26.856304
2007-09-13,57.220001,58.77,56.459999,57.34,306000,26.679495
2007-09-12,57.220001,57.560001,56.43,56.830002,354600,26.4422
2007-09-11,56.98,57.650002,55.990002,57.34,357400,26.679495
2007-09-10,57.98,58.619999,55.650002,56.91,330600,26.479422
2007-09-07,58.32,59.610001,57.200001,57.50,246000,26.753941
2007-09-06,57.700001,59.650002,57.700001,59.41,276600,27.642637
2007-09-05,58.720001,59.00,57.529999,57.630001,387600,26.814428
2007-09-04,58.599998,60.00,58.50,59.18,270000,27.535621
2007-08-31,58.849998,59.200001,58.25,58.73,211800,27.326242
2007-08-30,58.299999,59.040001,57.34,57.830002,211000,26.907486
2007-08-29,57.00,59.049999,56.939999,58.869999,227000,27.391382
2007-08-28,58.540001,58.610001,56.41,56.48,238200,26.279349
2007-08-27,60.009998,60.009998,58.52,59.049999,251000,27.475134
2007-08-24,59.990002,60.669998,59.00,60.32,219600,28.066047
2007-08-23,62.00,62.00,59.610001,60.029999,183200,27.931114
2007-08-22,60.77,61.59,60.16,61.400002,204200,28.568557
2007-08-21,60.50,60.73,59.400002,60.23,153600,28.024171
2007-08-20,61.029999,62.080002,59.099998,60.580002,172200,28.187022
2007-08-17,62.00,62.310001,58.759998,60.759998,524200,28.270772
2007-08-16,57.119999,59.549999,55.630001,57.52,553400,26.763247
2007-08-15,59.66,61.279999,59.200001,59.439999,414400,27.605414
2007-08-14,60.119999,61.150002,59.59,60.400002,459600,28.051263
2007-08-13,62.00,62.049999,60.02,60.400002,363400,28.051263
2007-08-10,57.150002,62.189999,55.43,60.98,731000,28.320629
2007-08-09,58.169998,63.119999,56.75,62.669998,771400,29.105506
2007-08-08,58.02,60.59,57.52,59.419998,779400,27.596125
2007-08-07,55.330002,58.009998,55.110001,57.43,459200,26.671921
2007-08-06,57.34,57.849998,54.00,55.419998,602600,25.738426
2007-08-03,59.610001,60.00,57.02,57.18,392600,26.555815
2007-08-02,58.619999,59.869999,58.110001,59.52,339200,27.642569
2007-08-01,57.779999,58.529999,56.509998,58.09,353200,26.978441
2007-07-31,59.98,60.099998,57.700001,57.75,340200,26.820537
2007-07-30,57.349998,59.91,57.349998,59.139999,425200,27.466087
2007-07-27,58.43,58.560001,56.169998,57.380001,460800,26.6487
2007-07-26,60.00,60.959999,57.09,58.540001,664000,27.187433
2007-07-25,62.23,63.75,60.25,60.610001,619400,28.148792
2007-07-24,60.52,63.040001,59.310001,61.630001,1360000,28.622506
2007-07-23,64.110001,65.18,63.23,63.50,740400,29.49098
2007-07-20,64.709999,64.959999,62.16,63.119999,673800,29.314498
2007-07-19,63.52,66.279999,62.75,64.82,627200,30.10402
2007-07-18,62.560001,62.959999,61.900002,62.669998,856200,29.105506
2007-07-17,61.400002,64.099998,61.049999,63.040001,1583600,29.277345
2007-07-16,58.73,59.560001,58.349998,58.73,338200,27.275673
2007-07-13,57.419998,59.00,56.82,58.290001,229000,27.071327
2007-07-12,55.509998,57.650002,55.27,57.470001,408600,26.690498
2007-07-11,55.200001,55.459999,54.740002,55.380001,259000,25.71985
2007-07-10,55.900002,56.25,54.709999,55.34,373000,25.701273
2007-07-09,55.259998,56.25,55.029999,56.240002,306200,26.119256
2007-07-06,55.23,55.57,54.68,55.27,176600,25.668763
2007-07-05,55.07,55.630001,54.82,55.220001,167800,25.645542
2007-07-03,55.169998,55.450001,54.259998,54.880001,97600,25.487638
2007-07-02,54.029999,55.119999,53.610001,55.009998,186000,25.548012
2007-06-29,54.700001,54.790001,53.669998,53.669998,343600,24.925682
2007-06-28,55.119999,55.389999,53.57,54.130001,375200,25.139319
2007-06-27,53.439999,55.150002,52.00,55.139999,588200,25.608388
2007-06-26,53.200001,53.889999,52.91,53.689999,436000,24.934971
2007-06-25,53.970001,54.02,52.50,52.98,709800,24.60523
2007-06-22,56.080002,56.68,54.02,54.02,2018800,25.088232
2007-06-21,57.830002,57.990002,55.830002,56.080002,342400,26.044948
2007-06-20,57.689999,59.00,57.66,58.029999,384600,26.950575
2007-06-19,56.560001,57.73,55.48,57.650002,234400,26.774095
2007-06-18,57.630001,57.759998,56.50,56.75,211800,26.356112
2007-06-15,56.240002,57.66,55.580002,57.540001,521400,26.723008
2007-06-14,55.50,56.990002,55.099998,55.119999,280400,25.599099
2007-06-13,54.959999,55.91,53.990002,55.360001,290000,25.710562
2007-06-12,54.32,55.009998,53.27,54.619999,305800,25.366886
2007-06-11,54.639999,55.130001,54.150002,54.450001,216800,25.287935
2007-06-08,53.450001,55.200001,52.669998,54.68,317400,25.394752
2007-06-07,54.73,54.810001,53.25,53.68,216600,24.930328
2007-06-06,54.759998,55.369999,54.549999,55.110001,186600,25.594455
2007-06-05,55.439999,56.040001,54.490002,55.189999,205600,25.631608
2007-06-04,55.299999,56.240002,54.830002,55.889999,215600,25.956706
2007-06-01,55.599998,56.419998,55.450001,55.610001,129200,25.826668
2007-05-31,55.84,56.32,55.119999,55.240002,217800,25.654831
2007-05-30,54.419998,55.880001,53.369999,55.82,353400,25.924197
2007-05-29,54.34,54.900002,53.880001,54.900002,238600,25.496927
2007-05-25,54.07,55.599998,53.52,54.25,229400,25.19505
2007-05-24,54.830002,55.709999,53.48,53.849998,212400,25.009279
2007-05-23,55.439999,55.490002,54.580002,55.00,214200,25.543368
2007-05-22,54.369999,55.50,54.299999,55.279999,274600,25.673407
2007-05-21,53.139999,54.779999,53.029999,54.50,193400,25.311156
2007-05-18,52.709999,53.57,52.459999,53.419998,128200,24.809576
2007-05-17,53.110001,53.18,52.259998,52.619999,184800,24.438037
2007-05-16,52.709999,53.529999,51.93,53.349998,210200,24.777067
2007-05-15,52.849998,53.84,52.25,52.439999,336600,24.303353
2007-05-14,53.639999,54.200001,52.490002,52.790001,515000,24.465561
2007-05-11,52.439999,53.950001,52.439999,53.84,364400,24.952184
2007-05-10,52.619999,52.889999,51.68,52.200001,354800,24.192125
2007-05-09,51.73,53.400002,51.470001,52.91,231200,24.521175
2007-05-08,53.00,53.00,51.700001,52.529999,362800,24.345063
2007-05-07,52.959999,53.389999,52.040001,53.369999,425400,24.734362
2007-05-04,52.060001,53.09,52.060001,53.00,359400,24.562886
2007-05-03,52.50,53.029999,51.380001,52.689999,529000,24.419215
2007-05-02,50.98,52.43,50.380001,52.27,566800,24.224567
2007-05-01,49.330002,50.939999,49.330002,50.82,354800,23.552563
2007-04-30,50.779999,51.169998,49.279999,49.349998,685800,22.87129
2007-04-27,49.470001,50.779999,49.470001,50.599998,451400,23.450603
2007-04-26,50.25,50.889999,49.84,49.990002,527400,23.1679
2007-04-25,49.98,50.68,49.689999,50.099998,700800,23.218878
2007-04-24,48.419998,52.189999,47.610001,49.990002,1908600,23.1679
2007-04-23,42.32,43.040001,42.110001,42.93,298400,19.895937
2007-04-20,42.419998,42.419998,41.48,42.040001,243400,19.483467
2007-04-19,42.560001,42.560001,41.43,41.630001,274600,19.293452
2007-04-18,42.119999,42.939999,41.880001,42.00,151200,19.464928
2007-04-17,42.43,42.43,41.98,42.290001,133400,19.599329
2007-04-16,41.75,42.57,41.52,42.52,123400,19.705923
2007-04-13,41.360001,41.490002,40.91,41.490002,459400,19.228569
2007-04-12,41.150002,41.419998,40.77,41.419998,237400,19.196126
2007-04-11,42.16,42.240002,41.009998,41.369999,195600,19.172954
2007-04-10,41.68,42.43,41.68,42.23,231000,19.571522
2007-04-09,41.759998,42.00,41.279999,41.599998,91400,19.279547
2007-04-05,41.98,42.360001,41.669998,41.669998,126800,19.311989
2007-04-04,42.060001,42.450001,41.639999,42.040001,139600,19.483467
2007-04-03,41.48,42.150002,41.48,41.880001,169200,19.409315
2007-04-02,41.34,41.450001,40.650002,41.25,127600,19.11734
2007-03-30,40.990002,41.299999,40.599998,41.169998,244800,19.080263
2007-03-29,40.919998,41.049999,40.16,40.849998,171200,18.931959
2007-03-28,40.349998,40.779999,40.130001,40.50,220200,18.769752
2007-03-27,41.439999,41.439999,40.169998,40.619999,176400,18.825366
2007-03-26,41.040001,41.68,40.91,41.650002,201400,19.302721
2007-03-23,41.52,41.950001,40.919998,41.040001,245000,19.020016
2007-03-22,41.66,41.669998,41.080002,41.59,152000,19.274913
2007-03-21,40.700001,41.619999,40.41,41.50,176200,19.233203
2007-03-20,40.130001,40.700001,39.720001,40.599998,128000,18.816097
2007-03-19,39.830002,40.619999,39.349998,40.23,225400,18.64462
2007-03-16,39.639999,39.869999,39.049999,39.419998,430600,18.269225
2007-03-15,39.889999,40.060001,38.880001,39.650002,173200,18.37582
2007-03-14,39.099998,39.950001,38.580002,39.900002,145400,18.491682
2007-03-13,40.779999,41.700001,39.130001,39.189999,215600,18.162631
2007-03-12,40.990002,41.349998,40.150002,41.220001,83600,19.103437
2007-03-09,41.299999,41.450001,40.459999,41.009998,136000,19.006111
2007-03-08,40.16,40.919998,40.16,40.75,368200,18.885615
2007-03-07,39.849998,40.50,39.27,39.700001,272400,18.398992
2007-03-06,39.830002,40.080002,39.380001,39.970001,203200,18.524124
2007-03-05,40.049999,40.82,39.349998,39.389999,202400,18.255322
2007-03-02,41.75,41.75,40.16,40.23,211800,18.64462
2007-03-01,41.00,42.290001,40.540001,41.970001,183800,19.451025
2007-02-28,42.009998,42.25,40.75,41.66,266400,19.307355
2007-02-27,43.16,43.52,41.75,42.080002,285200,19.502005
2007-02-26,44.200001,44.549999,43.029999,43.889999,234800,20.34085
2007-02-23,43.709999,44.330002,43.189999,43.860001,162000,20.326947
2007-02-22,43.93,44.110001,43.189999,43.689999,218000,20.248159
2007-02-21,44.07,44.09,43.41,43.869999,233800,20.33158
2007-02-20,44.200001,44.450001,43.220001,44.349998,148800,20.554037
2007-02-16,43.369999,44.330002,43.02,44.23,228600,20.498423
2007-02-15,44.509998,44.509998,43.369999,43.369999,280600,20.099855
2007-02-14,44.23,45.09,44.009998,44.25,328600,20.507692
2007-02-13,43.119999,44.080002,43.09,44.060001,265200,20.419637
2007-02-12,42.130001,42.93,41.91,42.93,189400,19.844958
2007-02-09,43.380001,43.380001,41.93,42.150002,210600,19.484393
2007-02-08,43.130001,43.650002,42.900002,43.490002,209400,20.103826
2007-02-07,42.610001,43.029999,42.400002,42.990002,137200,19.872694
2007-02-06,42.599998,42.779999,41.82,42.720001,173400,19.747883
2007-02-05,42.02,42.759998,42.02,42.41,260000,19.604581
2007-02-02,43.32,43.32,42.09,42.09,336200,19.456657
2007-02-01,42.450001,43.310001,41.889999,43.139999,313800,19.942033
2007-01-31,41.34,42.439999,41.25,41.84,373600,19.341091
2007-01-30,40.330002,41.619999,40.240002,41.490002,306400,19.1793
2007-01-29,40.349998,40.740002,39.84,40.330002,350200,18.643074
2007-01-26,40.509998,40.57,39.93,40.48,252000,18.712413
2007-01-25,41.00,41.299999,39.779999,40.389999,235600,18.670809
2007-01-24,41.50,41.66,40.540001,40.990002,526800,18.948168
2007-01-23,39.349998,42.970001,39.349998,41.849998,593400,19.345713
2007-01-22,40.400002,40.400002,39.009998,39.349998,184600,18.190055
2007-01-19,39.560001,40.419998,39.43,40.34,124400,18.647696
2007-01-18,39.759998,40.18,39.59,39.799999,151000,18.398074
2007-01-17,39.580002,40.490002,39.130001,40.02,160600,18.499772
2007-01-16,40.18,40.360001,39.380001,39.709999,132800,18.35647
2007-01-12,39.810001,40.16,39.549999,40.02,74600,18.499772
2007-01-11,39.610001,40.029999,39.330002,39.91,151000,18.448923
2007-01-10,38.849998,39.50,38.59,39.459999,90200,18.240904
2007-01-09,39.16,39.299999,38.889999,38.990002,207800,18.023642
2007-01-08,38.830002,39.25,38.349998,39.07,146400,18.060622
2007-01-05,39.860001,39.869999,38.529999,38.68,187400,17.880339
2007-01-04,39.23,40.00,38.619999,39.84,218200,18.416565
2007-01-03,40.189999,40.549999,39.00,39.380001,340400,18.203924
2006-12-29,40.43,40.939999,39.639999,39.709999,171400,18.35647
2006-12-28,40.419998,40.919998,39.900002,40.330002,218000,18.643074
2006-12-27,39.209999,40.48,39.209999,40.48,203000,18.712413
2006-12-26,38.810001,39.330002,38.610001,39.029999,168400,18.042131
2006-12-22,38.220001,38.57,38.09,38.50,129800,17.797132
2006-12-21,39.799999,39.91,37.98,38.07,423800,17.598359
2006-12-20,39.330002,39.860001,39.259998,39.68,159600,18.342603
2006-12-19,38.00,39.580002,38.00,39.200001,163600,18.120716
2006-12-18,39.639999,39.639999,38.029999,38.049999,223400,17.589113
2006-12-15,39.450001,40.439999,39.41,39.48,346400,18.25015
2006-12-14,39.00,40.00,38.759998,39.599998,149400,18.305621
2006-12-13,39.369999,39.650002,38.360001,38.849998,291600,17.958923
2006-12-12,39.349998,39.50,38.689999,39.040001,301400,18.046754
2006-12-11,39.189999,39.48,38.959999,39.32,157800,18.176188
2006-12-08,38.360001,39.400002,38.18,38.98,146400,18.019018
2006-12-07,38.84,39.27,38.349998,38.68,177000,17.880339
2006-12-06,38.619999,39.049999,38.470001,38.799999,114600,17.935811
2006-12-05,38.700001,39.200001,38.18,38.610001,123200,17.847981
2006-12-04,37.540001,38.50,37.459999,38.330002,171200,17.718548
2006-12-01,38.07,38.290001,36.299999,37.400002,214200,17.288643
2006-11-30,37.73,38.279999,37.07,38.049999,270000,17.589113
2006-11-29,36.950001,37.75,36.950001,37.740002,210000,17.445813
2006-11-28,36.139999,36.759998,36.09,36.740002,142800,16.98355
2006-11-27,37.740002,37.799999,36.00,36.16,315800,16.715436
2006-11-24,37.27,37.73,37.07,37.540001,37400,17.35336
2006-11-22,36.889999,37.779999,36.889999,37.580002,193400,17.371851
2006-11-21,36.919998,37.150002,36.419998,36.790001,300200,17.006662
2006-11-20,37.290001,37.560001,36.540001,36.959999,302800,17.085246
2006-11-17,37.130001,37.630001,36.91,37.060001,508400,17.131474
2006-11-16,37.099998,37.779999,36.93,37.060001,309800,17.131474
2006-11-15,38.139999,38.189999,36.91,36.98,618200,17.094492
2006-11-14,37.130001,38.68,36.50,37.959999,532200,17.501284
2006-11-13,35.720001,36.00,35.43,35.509998,198600,16.371722
2006-11-10,35.52,36.00,35.450001,35.599998,125600,16.413216
2006-11-09,36.00,36.00,35.049999,35.189999,119000,16.224187
2006-11-08,35.32,35.970001,35.310001,35.919998,192000,16.56075
2006-11-07,35.189999,36.200001,35.16,35.830002,194800,16.519258
2006-11-06,34.290001,35.290001,34.290001,35.209999,144800,16.233409
2006-11-03,34.50,34.990002,33.93,34.310001,193800,15.818469
2006-11-02,33.990002,34.580002,33.959999,34.189999,134200,15.763142
2006-11-01,35.630001,36.560001,34.00,34.02,395000,15.684765
2006-10-31,36.43,36.639999,35.50,35.709999,129800,16.463931
2006-10-30,35.220001,36.16,35.16,35.889999,150400,16.54692
2006-10-27,36.130001,36.34,35.560001,35.75,152400,16.482374
2006-10-26,35.700001,36.700001,35.700001,36.189999,209600,16.685233
2006-10-25,36.689999,36.689999,35.900002,36.169998,102000,16.676012
2006-10-24,35.799999,36.349998,35.799999,36.209999,117000,16.694454
2006-10-23,35.849998,36.740002,35.799999,36.110001,127600,16.64835
2006-10-20,36.669998,37.099998,35.82,35.869999,165800,16.537699
2006-10-19,36.16,36.860001,36.16,36.84,202000,16.984913
2006-10-18,36.709999,37.849998,36.16,36.349998,269800,16.759
2006-10-17,37.25,37.580002,36.400002,36.599998,192400,16.874261
2006-10-16,37.00,37.599998,37.00,37.380001,144600,17.233878
2006-10-13,37.200001,37.75,36.830002,37.150002,168800,17.127838
2006-10-12,35.48,37.50,35.48,37.290001,219600,17.192384
2006-10-11,35.540001,36.549999,35.439999,35.619999,154000,16.422437
2006-10-10,35.599998,36.119999,35.139999,35.82,147400,16.514647
2006-10-09,35.009998,35.73,34.869999,35.669998,81600,16.445489
2006-10-06,35.119999,35.75,34.889999,35.209999,138200,16.233409
2006-10-05,34.50,35.380001,34.400002,35.380001,160000,16.311787
2006-10-04,32.950001,34.66,32.900002,34.50,329800,15.906067
2006-10-03,33.130001,33.349998,32.650002,32.919998,123000,15.177614
2006-10-02,33.57,33.759998,33.16,33.189999,154400,15.302097
2006-09-29,33.830002,33.91,33.50,33.540001,363800,15.463464
2006-09-28,33.580002,33.950001,32.93,33.700001,194600,15.537231
2006-09-27,33.189999,33.759998,33.169998,33.450001,172600,15.421969
2006-09-26,33.00,33.970001,32.889999,33.369999,178800,15.385085
2006-09-25,32.610001,33.509998,32.610001,33.009998,233600,15.219108
2006-09-22,32.82,33.150002,32.02,32.43,112000,14.951703
2006-09-21,33.23,33.73,32.610001,32.939999,88600,15.186835
2006-09-20,33.00,33.619999,32.68,33.040001,192600,15.232941
2006-09-19,32.91,33.130001,31.879999,32.779999,109000,15.113068
2006-09-18,32.830002,33.560001,32.57,32.77,69200,15.108458
2006-09-15,33.41,33.790001,32.77,32.98,453400,15.205278
2006-09-14,32.32,33.130001,32.32,33.080002,102200,15.251383
2006-09-13,32.990002,33.560001,32.07,32.57,206800,15.016249
2006-09-12,32.189999,33.099998,31.950001,33.099998,120000,15.260603
2006-09-11,32.099998,32.200001,31.50,32.060001,90800,14.781117
2006-09-08,32.419998,32.43,31.85,32.400002,68800,14.937872
2006-09-07,32.23,33.00,31.82,32.220001,111600,14.854884
2006-09-06,33.50,33.84,32.419998,32.419998,130600,14.947091
2006-09-05,33.720001,34.07,33.599998,33.830002,114600,15.597167
2006-09-01,33.84,34.00,33.419998,33.619999,107600,15.500346
2006-08-31,33.439999,33.98,33.200001,33.669998,180800,15.523398
2006-08-30,33.00,33.529999,32.470001,33.209999,164400,15.311318
2006-08-29,32.380001,33.00,31.76,33.00,140000,15.214499
2006-08-28,30.84,32.259998,30.84,32.169998,157000,14.83183
2006-08-25,31.00,31.59,30.969999,31.00,96600,14.292408
2006-08-24,31.709999,31.90,31.120001,31.17,129800,14.370786
2006-08-23,31.67,32.150002,31.32,31.60,73600,14.569035
2006-08-22,31.60,31.969999,31.389999,31.73,167800,14.628971
2006-08-21,31.92,32.369999,31.540001,31.75,58000,14.638192
2006-08-18,32.25,32.470001,31.709999,32.450001,71400,14.960924
2006-08-17,32.02,32.57,31.84,32.029999,102800,14.767284
2006-08-16,31.780001,32.130001,31.66,32.029999,151600,14.767284
2006-08-15,30.540001,31.40,30.530001,31.34,186000,14.403059
2006-08-14,30.030001,30.59,29.85,29.950001,161200,13.764251
2006-08-11,29.610001,30.00,29.10,29.67,135800,13.63557
2006-08-10,29.75,29.99,29.35,29.610001,172200,13.607996
2006-08-09,30.059999,30.209999,29.60,29.84,378800,13.713698
2006-08-08,29.90,30.07,29.66,29.75,212800,13.672336
2006-08-07,29.690001,30.110001,29.15,29.690001,93200,13.644762
2006-08-04,30.33,30.90,29.469999,29.99,122800,13.782634
2006-08-03,30.00,30.360001,29.75,30.040001,157400,13.805613
2006-08-02,30.299999,30.51,30.08,30.32,154000,13.934293
2006-08-01,29.049999,30.42,28.91,30.040001,214000,13.805613
2006-07-31,29.15,29.51,28.879999,29.309999,100200,13.470123
2006-07-28,29.09,29.40,28.879999,29.35,159800,13.488506
2006-07-27,29.389999,29.60,28.620001,28.799999,171800,13.23574
2006-07-26,29.65,30.18,28.17,29.17,329000,13.405783
2006-07-25,29.48,30.50,29.190001,29.26,262200,13.447144
2006-07-24,28.66,29.790001,28.51,29.540001,203200,13.575826
2006-07-21,29.83,29.83,28.049999,28.35,185000,13.028932
2006-07-20,30.32,30.50,29.889999,29.91,240000,13.745868
2006-07-19,29.00,30.35,28.99,30.15,328000,13.856165
2006-07-18,28.360001,28.99,27.950001,28.91,258400,13.286293
2006-07-17,27.82,28.360001,27.709999,28.049999,304800,12.891059
2006-07-14,28.52,28.52,27.450001,27.870001,194000,12.808336
2006-07-13,29.360001,29.59,28.52,28.52,171800,13.10706
2006-07-12,30.51,30.66,29.299999,29.48,206200,13.548251
2006-07-11,29.66,30.639999,29.66,30.629999,165000,14.076761
2006-07-10,29.75,30.23,29.35,29.76,102000,13.676932
2006-07-07,29.93,30.91,29.75,29.76,130800,13.676932
2006-07-06,30.34,30.690001,29.940001,30.10,170000,13.833187
2006-07-05,30.18,30.389999,29.84,30.219999,104400,13.888335
2006-07-03,31.209999,31.209999,30.549999,30.73,101200,14.122718
2006-06-30,30.68,31.030001,30.309999,30.51,336600,14.021612
2006-06-29,28.52,30.66,28.48,30.549999,272600,14.039995
2006-06-28,28.65,28.870001,27.860001,28.309999,209400,13.010549
2006-06-27,29.309999,29.879999,28.280001,28.459999,195000,13.079484
2006-06-26,28.49,29.290001,28.49,29.200001,169000,13.41957
2006-06-23,28.110001,28.559999,27.58,28.25,109400,12.982974
2006-06-22,28.35,28.50,27.790001,28.18,150200,12.950804
2006-06-21,28.00,28.49,27.530001,28.360001,248000,13.033528
2006-06-20,28.120001,28.48,27.76,27.790001,159000,12.771571
2006-06-19,29.75,29.77,28.030001,28.23,199200,12.973783
2006-06-16,29.40,29.870001,29.40,29.540001,875600,13.575826
2006-06-15,29.700001,29.73,29.280001,29.49,409200,13.552846
2006-06-14,29.25,29.65,28.940001,29.35,179200,13.488506
2006-06-13,29.48,29.860001,29.00,29.139999,300400,13.391995
2006-06-12,29.530001,30.049999,29.389999,29.41,252200,13.51608
2006-06-09,30.41,30.440001,29.530001,29.639999,266000,13.621782
2006-06-08,29.540001,30.66,29.18,30.280001,285000,13.91591
2006-06-07,29.57,30.49,29.459999,29.620001,538600,13.612592
2006-06-06,30.10,30.67,28.799999,29.450001,328000,13.534464
2006-06-05,31.360001,32.080002,29.799999,29.98,398000,13.778038
2006-06-02,32.00,32.369999,31.370001,31.60,202800,14.522548
2006-06-01,31.860001,32.189999,31.059999,31.870001,226000,14.646634
2006-05-31,30.83,31.66,30.719999,31.66,247000,14.550123
2006-05-30,31.299999,31.52,30.620001,30.620001,151400,14.072166
2006-05-26,31.540001,31.709999,31.18,31.52,132800,14.485783
2006-05-25,31.530001,31.530001,31.02,31.23,314000,14.352506
2006-05-24,31.15,31.73,30.17,31.10,408800,14.292761
2006-05-23,32.029999,32.310001,31.00,31.24,266200,14.357101
2006-05-22,31.870001,32.419998,31.049999,31.809999,307400,14.619059
2006-05-19,32.599998,33.529999,31.540001,32.040001,320800,14.724761
2006-05-18,33.25,33.52,32.779999,32.900002,432000,15.119996
2006-05-17,32.75,33.200001,32.23,32.98,286600,15.156761
2006-05-16,32.540001,33.330002,32.23,33.130001,162600,15.225697
2006-05-15,33.009998,33.43,32.00,32.419998,324200,14.853441
2006-05-12,33.549999,33.759998,33.279999,33.34,242600,15.274946
2006-05-11,33.889999,34.080002,33.610001,33.68,174000,15.430719
2006-05-10,34.099998,34.25,33.889999,33.98,159200,15.568166
2006-05-09,33.970001,34.16,33.849998,34.07,133600,15.6094
2006-05-08,33.299999,34.490002,33.220001,34.00,171800,15.577329
2006-05-05,34.009998,34.009998,33.549999,33.549999,194800,15.371158
2006-05-04,33.959999,34.16,33.400002,33.610001,283400,15.398648
2006-05-03,33.830002,34.00,33.02,33.869999,232200,15.517768
2006-05-02,33.32,34.00,32.919998,33.57,263800,15.380321
2006-05-01,34.099998,34.630001,33.099998,33.18,199200,15.201641
2006-04-28,33.040001,34.400002,32.869999,34.25,194400,15.691868
2006-04-27,33.91,33.91,32.830002,33.279999,353400,15.247456
2006-04-26,33.02,34.599998,32.720001,34.00,529600,15.577329
2006-04-25,32.790001,33.779999,31.57,33.049999,1510000,15.14208
2006-04-24,36.50,36.91,35.509998,35.849998,217200,16.424918
2006-04-21,36.91,38.880001,36.00,36.349998,244200,16.653997
2006-04-20,36.50,36.66,35.540001,36.389999,220800,16.672323
2006-04-19,35.200001,36.939999,35.009998,36.900002,306200,16.905984
2006-04-18,34.73,35.099998,34.400002,35.099998,212600,16.081301
2006-04-17,33.740002,35.389999,33.740002,34.610001,287000,15.856805
2006-04-13,33.029999,34.00,32.799999,33.790001,131800,15.481116
2006-04-12,32.66,33.189999,32.470001,33.009998,64600,15.123753
2006-04-11,33.040001,33.220001,32.23,32.75,143200,15.004633
2006-04-10,32.950001,33.59,32.810001,32.84,151600,15.045867
2006-04-07,33.709999,34.369999,32.849998,32.869999,161600,15.059611
2006-04-06,33.950001,34.18,33.060001,33.48,192800,15.339087
2006-04-05,33.82,34.099998,33.150002,33.919998,139200,15.540676
2006-04-04,33.23,34.130001,32.779999,33.84,156600,15.504024
2006-04-03,33.25,33.669998,32.66,33.009998,117400,15.123753
2006-03-31,33.470001,33.470001,32.759998,33.25,108400,15.233711
2006-03-30,33.669998,33.91,32.50,33.130001,94200,15.178733
2006-03-29,33.169998,33.950001,33.00,33.700001,156400,15.439882
2006-03-28,32.990002,33.799999,32.990002,33.00,119400,15.119172
2006-03-27,33.290001,33.290001,32.900002,33.09,76000,15.160406
2006-03-24,33.099998,33.580002,32.790001,33.110001,131600,15.16957
2006-03-23,33.189999,33.41,32.860001,33.330002,63400,15.270365
2006-03-22,32.880001,33.349998,32.490002,33.080002,133800,15.155826
2006-03-21,33.00,33.450001,32.540001,33.00,188000,15.119172
2006-03-20,33.25,33.580002,32.709999,33.169998,194600,15.197058
2006-03-17,32.900002,33.470001,32.700001,33.099998,480200,15.164987
2006-03-16,33.349998,33.759998,32.639999,32.740002,75800,15.000052
2006-03-15,32.779999,33.360001,32.330002,33.02,271600,15.128336
2006-03-14,31.93,32.849998,31.799999,32.610001,310400,14.940491
2006-03-13,32.220001,32.68,31.40,32.16,199400,14.734321
2006-03-10,32.009998,32.369999,31.559999,32.18,105400,14.743484
2006-03-09,32.389999,32.389999,31.75,31.889999,103000,14.610618
2006-03-08,31.629999,32.27,31.25,32.150002,225200,14.72974
2006-03-07,31.299999,31.93,31.01,31.67,135400,14.509824
2006-03-06,32.25,32.369999,30.83,31.440001,207600,14.404448
2006-03-03,32.599998,32.98,32.119999,32.200001,138000,14.752647
2006-03-02,33.279999,33.310001,32.400002,32.84,145600,15.045867
2006-03-01,32.23,33.32,31.75,33.200001,115000,15.210804
2006-02-28,32.810001,33.240002,32.040001,32.150002,261600,14.72974
2006-02-27,33.389999,33.529999,32.990002,33.299999,325800,15.256619
2006-02-24,32.91,33.34,32.040001,33.049999,377600,15.14208
2006-02-23,32.459999,32.990002,32.369999,32.75,284200,15.004633
2006-02-22,32.599998,33.049999,32.389999,32.75,264000,15.004633
2006-02-21,33.209999,33.209999,32.00,32.560001,247000,14.917584
2006-02-17,33.700001,33.700001,32.119999,32.889999,297800,15.068775
2006-02-16,34.00,34.00,33.07,33.700001,267600,15.439882
2006-02-15,32.790001,33.16,30.860001,33.099998,224200,15.164987
2006-02-14,94.420017,97.930023,93.580021,97.489975,166800,14.888563
2006-02-13,94.999981,95.76,94.309982,95.01,134400,14.509824
2006-02-10,97.099983,97.099983,94.800001,96.00,42600,14.614742
2006-02-09,97.140003,97.140003,95.05002,96.00,142800,14.614742
2006-02-08,96.640022,96.640022,94.999981,95.929979,150600,14.604083
2006-02-07,94.000019,97.039982,92.790001,95.76,304800,14.578205
2006-02-06,91.409998,94.000019,91.129978,94.000019,154200,14.310271
2006-02-03,92.219999,94.000019,90.730019,90.730019,137400,13.812457
2006-02-02,92.01,94.18998,92.01,92.710018,301200,14.113886
2006-02-01,94.23,94.379997,92.359978,93.880022,121200,14.292003
2006-01-31,93.780001,94.000019,91.919998,93.55002,347400,14.241765
2006-01-30,92.389978,93.99,90.589977,93.43998,152400,14.225013
2006-01-27,92.969999,93.379978,90.160023,91.000019,247200,13.853561
2006-01-26,91.069983,92.68998,90.220018,92.680017,328800,14.109318
2006-01-25,87.319983,90.840002,86.669998,89.539982,500400,13.631289
2006-01-24,85.009981,86.710018,85.009981,86.01,229800,13.093896
2006-01-23,88.860003,88.860003,85.309982,86.629978,88200,13.188279
2006-01-20,88.889997,88.889997,87.139978,87.340021,89400,13.296374
2006-01-19,86.830021,88.830002,85.560001,87.679979,140400,13.348128
2006-01-18,85.249981,87.160023,85.249981,86.299982,87600,13.138042
2006-01-17,86.820002,87.24,85.999981,86.500019,67200,13.168495
2006-01-13,87.719999,87.719999,86.879997,86.950018,49200,13.237001
2006-01-12,88.570021,88.620003,86.869978,86.95998,67200,13.238518
2006-01-11,90.319983,90.319983,88.369978,88.600021,125400,13.488192
2006-01-10,91.999981,92.419979,89.53002,90.99,132600,13.852035
2006-01-09,91.000019,92.599977,90.780001,92.44998,390600,14.074298
2006-01-06,89.620022,92.740019,88.900023,91.620003,144600,13.947945
2006-01-05,88.999981,89.399998,88.469999,88.849977,74400,13.526245
2006-01-04,87.360003,89.710018,87.360003,88.669979,141600,13.498843
2006-01-03,87.24,88.000019,85.840021,88.000019,121200,13.39685
2005-12-30,86.05002,87.00,85.789982,86.01,124800,13.093896
2005-12-29,85.789982,87.319983,85.510019,86.509981,79800,13.170011
2005-12-28,86.500019,86.500019,85.45998,85.570021,80400,13.026915
2005-12-27,86.699999,86.899979,85.54002,85.999981,129000,13.09237
2005-12-23,84.130022,86.699999,83.01,86.119978,325800,13.110638
2005-12-22,82.999981,84.340021,82.660023,83.47998,106800,12.708733
2005-12-21,81.679979,82.690018,81.529982,82.590002,174000,12.573246
2005-12-20,80.740019,81.820021,79.709999,81.149998,180600,12.354024
2005-12-19,80.860022,82.27002,79.560001,79.600021,142200,12.11806
2005-12-16,83.350021,85.000019,81.090002,81.100021,565200,12.346416
2005-12-15,85.139997,85.360022,83.299982,83.71998,118800,12.74527
2005-12-14,85.139997,86.100002,84.449999,85.81002,91800,13.063451
2005-12-13,84.640022,85.169998,83.850002,85.169998,67200,12.966016
2005-12-12,85.369978,85.439999,84.75,85.290001,118200,12.984285
2005-12-09,83.44998,85.69998,83.059982,84.52002,218400,12.867066
2005-12-08,79.990019,83.399998,79.590002,83.20998,369000,12.667629
2005-12-07,81.149998,81.149998,80.500019,81.00,165000,12.331189
2005-12-06,85.480019,85.480019,83.299982,83.779982,67800,12.754405
2005-12-05,82.080002,84.97998,81.719999,84.689999,96000,12.892943
2005-12-02,83.239981,85.469999,82.02,83.129997,124800,12.655453
2005-12-01,81.780001,85.249981,81.559982,85.249981,159600,12.978193
2005-11-30,80.629978,81.730019,79.320002,81.670017,191400,12.43319
2005-11-29,81.27,81.700018,79.549982,80.459999,64200,12.248981
2005-11-28,82.990019,82.990019,79.560001,80.550001,92400,12.262682
2005-11-25,80.040001,81.769981,80.040001,81.769981,12600,12.448408
2005-11-23,81.00,82.000019,81.00,81.00,86400,12.331189
2005-11-22,82.469999,82.990019,77.53002,80.029982,202200,12.183516
2005-11-21,78.19998,83.299982,78.19998,81.600002,86400,12.422531
2005-11-18,78.910023,78.910023,77.20998,77.669998,52800,11.82424
2005-11-17,75.570002,78.00,75.570002,77.650023,42000,11.821199
2005-11-16,76.999981,77.359978,76.039982,76.279982,33600,11.612628
2005-11-15,79.879978,80.749981,77.219999,77.219999,85200,11.755733
2005-11-14,78.730019,79.249981,78.250019,79.039982,10200,11.98713
2005-11-11,78.049982,80.56002,78.049982,79.249981,72600,12.018979
2005-11-10,79.900023,79.900023,76.600021,79.009981,67800,11.98258
2005-11-09,79.900023,79.900023,78.250019,79.399979,29400,12.041727
2005-11-08,81.060001,81.51,78.580021,79.249981,106800,12.018979
2005-11-07,81.850021,82.379997,80.179979,82.06002,139200,12.445147
2005-11-04,81.589977,81.899998,80.380022,81.899998,43200,12.420878
2005-11-03,80.49,82.150023,80.419979,80.49,104400,12.207039
2005-11-02,77.550001,79.649998,77.380022,79.649998,49200,12.079645
2005-11-01,79.420017,79.609978,76.469999,76.879978,208800,11.659546
2005-10-31,78.00,81.19998,78.00,79.900023,165600,12.117563
2005-10-28,76.870022,78.449999,76.639978,78.449999,81000,11.897654
2005-10-27,78.04002,79.450018,75.919979,76.120022,73800,11.544292
2005-10-26,79.379997,80.68998,78.349977,78.580021,83400,11.917373
2005-10-25,79.090021,80.629978,78.160023,78.589977,44400,11.918883
2005-10-24,78.340021,79.990019,78.079983,79.74,105600,12.093294
2005-10-21,76.560001,79.000019,76.560001,78.100021,187200,11.844577
2005-10-20,79.000019,80.089977,76.560001,77.119978,47400,11.695944
2005-10-19,75.889978,79.69998,75.300001,79.050001,129600,11.98865
2005-10-18,77.44998,79.759981,76.120022,76.249981,156600,11.564001
2005-10-17,79.800001,79.800001,77.149979,77.68998,69000,11.78239
2005-10-14,80.73,80.73,78.529982,79.18998,66600,12.009879
2005-10-13,78.619978,80.650023,78.109978,79.72998,63000,12.091775
2005-10-12,79.139997,79.639978,77.809982,79.02,82800,11.9841
2005-10-11,80.280001,80.299982,79.050001,79.290001,118200,12.025048
2005-10-10,81.400023,82.429979,79.620003,79.630022,57600,12.076615
2005-10-07,80.089977,82.120022,79.480019,81.28002,45000,12.326852
2005-10-06,81.149998,82.399979,78.94998,79.339977,105000,12.032627
2005-10-05,85.800001,85.990019,81.160023,81.160023,278400,12.308654
2005-10-04,86.05002,87.529982,85.81002,86.280001,97200,13.085145
2005-10-03,85.50,87.910023,85.320002,86.05002,156000,13.050266
2005-09-30,85.199999,85.199999,84.00,85.050001,91800,12.898604
2005-09-29,82.489981,84.859978,82.129978,84.780001,76200,12.857656
2005-09-28,83.740019,83.879997,80.399998,81.31002,49200,12.331402
2005-09-27,84.430017,85.690018,82.909979,84.94998,170400,12.883435
2005-09-26,82.45998,84.649979,82.45998,84.499981,125400,12.815189
2005-09-23,79.649998,82.579983,79.560001,82.000019,126600,12.436047
2005-09-22,79.30002,81.499981,78.330002,79.830002,283200,12.106944
2005-09-21,77.809982,80.699999,75.79002,78.929998,268800,11.97045
2005-09-20,80.77002,80.77002,77.590021,77.790001,127200,11.797559
2005-09-19,83.01,83.01,80.129997,80.569983,83400,12.219169
2005-09-16,84.019981,84.019981,83.059982,83.25,520800,12.625618
2005-09-15,83.890022,83.899979,83.25,83.350021,154200,12.640787
2005-09-14,86.159998,86.159998,82.750019,83.839977,189000,12.715093
2005-09-13,88.279982,88.279982,85.099977,85.350002,151200,12.944102
2005-09-12,84.499981,88.999981,84.289982,88.830002,255000,13.471876
2005-09-09,83.71998,84.659998,83.71998,84.659998,57600,12.839457
2005-09-08,82.690018,83.56002,82.249981,83.550001,105600,12.671116
2005-09-07,83.350021,83.969999,82.630022,83.650023,63000,12.686285
2005-09-06,80.610003,84.99,80.059982,83.500019,243000,12.663535
2005-09-02,81.00,81.209999,79.45998,80.100002,124800,12.147892
2005-09-01,81.049982,81.43998,80.500019,81.379978,151200,12.342012
2005-08-31,80.95998,81.94998,79.69998,81.55002,162600,12.3678
2005-08-30,81.04002,81.349977,79.999981,80.359978,100200,12.18732
2005-08-29,81.649979,82.469999,81.100021,82.21998,79200,12.469406
2005-08-26,82.369978,82.630022,81.499981,81.499981,83400,12.360211
2005-08-25,81.75,83.059982,81.499981,82.990019,63000,12.586189
2005-08-24,82.639978,84.060001,82.000019,82.000019,122400,12.436047
2005-08-23,84.559982,85.129978,83.310001,83.629978,53400,12.683245
2005-08-22,84.00,84.820021,82.960018,84.820021,56400,12.863726
2005-08-19,81.499981,83.610003,81.499981,83.119978,46800,12.605899
2005-08-18,82.26,82.860003,81.499981,81.570002,94800,12.370831
2005-08-17,82.560001,83.899979,82.000019,82.560001,46800,12.520973
2005-08-16,84.409979,86.699999,82.309982,82.709999,154800,12.543722
2005-08-15,85.249981,85.50,84.810001,84.810001,75600,12.816709
2005-08-12,85.30002,85.900023,84.94998,85.249981,177000,12.8832
2005-08-11,85.06002,86.629978,84.79002,85.620003,132600,12.939118
2005-08-10,84.139978,86.680017,84.060001,85.240019,171000,12.881694
2005-08-09,83.170017,84.499981,83.170017,83.350021,37800,12.596073
2005-08-08,83.509981,84.030001,82.510019,84.00,78000,12.694299
2005-08-05,85.23,85.23,82.069983,82.069983,112800,12.40263
2005-08-04,86.47998,87.820021,84.360003,84.360003,151800,12.748704
2005-08-03,88.000019,89.059982,87.300001,87.820021,133800,13.271591
2005-08-02,89.860022,90.00,86.429998,87.619978,292200,13.24136
2005-08-01,89.920017,89.950018,88.379997,89.860022,157800,13.579881
2005-07-29,86.699999,89.850002,86.699999,89.710018,213000,13.557212
2005-07-28,86.500019,88.96998,85.600021,87.300001,193800,13.193004
2005-07-27,85.999981,87.640022,85.990019,86.140022,145200,13.017705
2005-07-26,87.379978,87.379978,85.180017,85.54002,146400,12.927031
2005-07-25,89.110022,89.500019,87.419998,87.739981,60000,13.259495
2005-07-22,87.27,89.500019,87.160023,89.500019,115200,13.525476
2005-07-21,89.350021,89.350021,87.400023,87.99,121800,13.297278
2005-07-20,88.379997,89.350021,87.19998,89.350021,184200,13.502808
2005-07-19,84.360003,89.100002,84.100021,88.78002,163200,13.416668
2005-07-18,85.669979,85.669979,82.819983,83.320021,93600,12.591539
2005-07-15,85.309982,86.110022,83.350021,85.81002,315600,12.967834
2005-07-14,88.54002,88.999981,85.000019,85.519981,184800,12.924003
2005-07-13,89.850002,89.850002,85.949999,87.400023,127800,13.208119
2005-07-12,87.120003,89.980019,87.120003,89.509981,129000,13.526982
2005-07-11,88.120022,89.950018,86.399998,88.000019,431400,13.298793
2005-07-08,86.44998,88.000019,86.20998,87.250019,171000,13.185451
2005-07-07,87.820021,88.889997,85.180017,86.280001,272400,13.038859
2005-07-06,89.73,89.830021,88.450018,88.709999,146400,13.406087
2005-07-05,85.909979,88.819983,85.560001,88.81002,162600,13.421202
2005-07-01,84.870003,87.070021,84.349977,87.070021,164400,13.158249
2005-06-30,86.399998,86.399998,83.269981,84.030001,126600,12.698833
2005-06-29,84.70998,86.550001,83.509981,86.550001,121200,13.079662
2005-06-28,83.149979,84.430017,81.52002,84.330002,126600,12.74417
2005-06-27,82.000019,82.369978,80.470018,81.940018,104400,12.382989
2005-06-24,84.730019,86.809982,81.090002,82.570021,236400,12.478197
2005-06-23,84.300001,87.19998,84.220018,85.249981,160200,12.8832
2005-06-22,85.000019,85.879978,84.330002,84.799982,125400,12.815195
2005-06-21,84.19998,84.220018,83.179979,84.019981,75600,12.697319
2005-06-20,86.639997,86.639997,83.869978,83.989981,273000,12.692785
2005-06-17,87.149998,87.700018,86.329983,86.419979,505200,13.060013
2005-06-16,83.399998,87.209999,83.320021,87.130022,358200,13.167316
2005-06-15,81.48,83.47998,81.48,83.470018,264600,12.614207
2005-06-14,80.779982,81.300001,79.999981,81.300001,291000,12.286268
2005-06-13,79.999981,80.989981,79.999981,80.989981,92400,12.239417
2005-06-10,80.599977,80.599977,79.900023,80.25,81600,12.127589
2005-06-09,79.399979,80.68998,78.499981,80.580002,275400,12.17746
2005-06-08,79.919998,79.919998,78.780001,79.620003,309000,12.032383
2005-06-07,78.619978,79.510019,77.080021,79.000019,139800,11.938689
2005-06-06,77.219999,78.419998,76.93998,78.220018,80400,11.820813
2005-06-03,78.010019,78.400023,76.990019,77.749981,70800,11.74978
2005-06-02,79.26,80.879997,77.749981,78.679979,441000,11.890324
2005-06-01,78.00,79.320002,77.25,79.169998,238800,11.964377
2005-05-31,78.419998,78.730019,76.690018,77.370003,168000,11.692357
2005-05-27,76.450018,78.00,75.810001,77.550001,187800,11.719559
2005-05-26,76.249981,76.860003,75.00,76.77,136800,11.601683
2005-05-25,76.999981,76.999981,74.790001,75.360003,301200,11.3886
2005-05-24,75.829983,76.469999,75.090002,75.719999,256200,11.443004
2005-05-23,77.969999,77.969999,76.159979,76.960018,184200,11.630399
2005-05-20,79.000019,79.000019,77.260019,77.650023,279000,11.734674
2005-05-19,77.429998,78.97998,77.429998,78.499981,152400,11.863122
2005-05-18,75.700018,77.820002,74.149979,77.500019,219600,11.712005
2005-05-17,74.53002,75.00,73.489981,74.429998,181800,11.248056
2005-05-16,74.869978,75.43998,73.26,75.43998,144000,11.400687
2005-05-13,76.120022,76.120022,72.719999,73.23,114000,11.028924
2005-05-12,77.340002,77.340002,74.969999,74.969999,116400,11.29098
2005-05-11,75.600002,77.320021,75.319983,76.72998,135000,11.556045
2005-05-10,74.399998,76.330021,74.399998,76.129978,154200,11.46568
2005-05-09,74.839977,75.929998,74.029982,75.929998,164400,11.435562
2005-05-06,73.50,74.610003,73.50,74.440018,128400,11.211161
2005-05-05,75.449999,76.199999,73.420017,73.750019,309000,11.107243
2005-05-04,73.54002,76.450018,73.50,75.970018,462000,11.441589
2005-05-03,70.999981,73.830002,70.999981,73.530001,282600,11.074107
2005-05-02,69.700018,72.570002,69.700018,72.570002,133800,10.929524
2005-04-29,69.94998,71.56002,68.399998,70.560001,142200,10.626805
2005-04-28,70.649998,72.389997,67.480019,68.410023,316200,10.303004
2005-04-27,66.760019,72.00,65.749981,71.410023,505800,10.754824
2005-04-26,64.429979,69.94998,62.76,66.48,451800,10.01233
2005-04-25,66.379978,66.379978,62.179979,62.869978,180600,9.468636
2005-04-22,65.470018,66.850021,64.039982,65.239981,78000,9.825574
2005-04-21,64.110003,66.48,63.689999,65.459999,82800,9.858711
2005-04-20,63.52002,64.990019,63.109978,64.009981,192600,9.640328
2005-04-19,63.160023,64.759981,63.160023,64.50,153000,9.714128
2005-04-18,60.659998,63.490019,60.250019,63.48,291600,9.56051
2005-04-15,63.899998,65.95998,60.919979,61.120022,225000,9.205081
2005-04-14,65.059982,65.550001,64.02,64.02,139200,9.641837
2005-04-13,67.339977,68.260019,65.80002,65.809982,58200,9.91142
2005-04-12,66.52002,67.630022,64.21998,67.339977,180600,10.141848
2005-04-11,68.329983,68.329983,66.610022,66.610022,133800,10.031912
2005-04-08,69.679979,69.769981,67.570021,67.649998,57000,10.188539
2005-04-07,70.080002,70.080002,69.019981,70.000019,144000,10.542468
2005-04-06,70.879978,71.100002,69.610022,69.619978,207000,10.485231
2005-04-05,70.830002,71.140022,70.23,70.249981,114000,10.580114
2005-04-04,70.999981,71.350021,70.649998,70.789982,73200,10.661441
2005-04-01,71.359978,71.929979,70.999981,70.999981,156600,10.693069
2005-03-31,71.329983,72.389997,71.25,71.699999,180600,10.798496
2005-03-30,71.359978,72.51,71.02002,72.019981,101400,10.846688
2005-03-29,71.399998,72.149998,70.999981,70.999981,164400,10.693069
2005-03-28,71.399998,72.400023,71.399998,72.079983,57600,10.855724
2005-03-24,71.899979,72.799982,71.749981,71.749981,105600,10.806024
2005-03-23,72.00,72.00,70.999981,70.999981,73800,10.693069
2005-03-22,72.499981,73.590002,71.749981,71.749981,54600,10.806024
2005-03-21,72.55002,72.649979,71.76,72.610022,66000,10.935552
2005-03-18,72.940018,72.940018,71.500019,71.860022,356400,10.822597
2005-03-17,71.25,72.94998,71.25,72.130022,62400,10.86326
2005-03-16,72.00,72.090002,71.53002,71.869978,91800,10.824096
2005-03-15,71.680017,72.970018,71.680017,71.699999,108000,10.798496
2005-03-14,70.849977,72.389997,70.849977,72.019981,82200,10.846688
2005-03-11,70.990019,71.73,70.399979,71.569983,138600,10.778915
2005-03-10,71.56002,72.689999,70.000019,70.74,196800,10.653914
2005-03-09,73.099977,73.110003,71.710018,71.710018,82200,10.800005
2005-03-08,73.199999,73.909979,73.099977,73.45998,162600,11.063561
2005-03-07,74.500019,74.599977,73.159979,73.750019,186000,11.107243
2005-03-04,74.25,74.25,73.309982,73.74,145800,11.105734
2005-03-03,74.25,74.25,73.050001,73.679998,171000,11.096697
2005-03-02,73.099977,74.749981,73.099977,73.649998,134400,11.092179
2005-03-01,73.199999,74.140022,72.820021,73.909979,306600,11.131334
2005-02-28,73.600021,73.600021,72.430017,73.18998,445800,11.022897
2005-02-25,72.75,73.27002,72.250019,73.099977,147600,11.009342
2005-02-24,72.850021,73.30002,72.209999,73.30002,138600,11.03947
2005-02-23,72.19998,72.99,72.19998,72.610022,213000,10.935552
2005-02-22,71.980019,72.99,71.839977,72.700018,390000,10.949106
2005-02-18,72.959999,72.959999,72.19998,72.780001,223200,10.961152
2005-02-17,72.99,73.000019,72.22998,72.55002,192000,10.926515
2005-02-16,71.989981,72.959999,71.550001,72.75,191400,10.956633
2005-02-15,71.44998,72.820021,71.419979,72.330002,176400,10.893379
2005-02-14,72.250019,72.769981,71.059982,72.769981,55800,10.959643
2005-02-11,72.100021,72.100021,70.530001,71.809982,91800,10.81506
2005-02-10,71.550001,72.250019,70.930017,71.550001,216000,10.738251
2005-02-09,73.039982,74.089977,70.889997,71.129997,190200,10.675217
2005-02-08,73.549982,74.159998,73.009981,73.50,83400,11.030907
2005-02-07,74.380022,74.95998,74.080021,74.399998,65400,11.165979
2005-02-04,72.670017,74.899979,72.670017,74.879997,131400,11.238018
2005-02-03,72.760019,73.180017,71.550001,73.050001,178200,10.963371
2005-02-02,72.490019,72.870003,70.30002,72.870003,310800,10.936357
2005-02-01,71.500019,72.559982,71.329983,72.449999,202800,10.873323
2005-01-31,70.669979,71.359978,70.409998,71.239981,130800,10.691723
2005-01-28,70.639978,70.990019,69.75,70.26,163800,10.544647
2005-01-27,69.70998,71.129997,69.120003,71.129997,129000,10.675217
2005-01-26,68.440018,69.919979,67.720018,69.919979,156000,10.493617
2005-01-25,68.230019,68.310001,66.049982,66.049982,162000,9.912806
2005-01-24,68.650023,68.989981,66.149998,66.379978,208200,9.962332
2005-01-21,68.95998,69.179998,66.610022,69.130022,204000,10.375059
2005-01-20,67.800001,68.470018,67.320002,67.609978,146400,10.146931
2005-01-19,70.570021,70.930017,68.509981,68.509981,186600,10.282004
2005-01-18,68.500019,70.350002,68.500019,69.589977,186600,10.44409
2005-01-14,69.27,69.880022,67.120022,69.820021,153000,10.478615
2005-01-13,69.629997,69.629997,67.110003,68.29002,106200,10.248992
2005-01-12,67.480019,69.24,67.480019,68.500019,102600,10.280508
2005-01-11,67.900023,68.129997,66.31002,67.279982,82200,10.097405
2005-01-10,66.030001,68.639997,66.030001,68.01,180000,10.206966
2005-01-07,69.130022,69.51,66.250019,66.250019,141000,9.942828
2005-01-06,67.000019,70.099977,67.000019,68.580002,232800,10.292512
2005-01-05,71.419979,71.419979,67.050001,67.050001,239400,10.062889
2005-01-04,71.909998,72.570002,70.180017,71.159998,214800,10.679719
2005-01-03,70.199999,72.629997,70.199999,71.550001,175200,10.738251
2004-12-31,71.119978,72.190018,71.01,71.610003,55200,10.747256
2004-12-30,72.120003,72.31002,71.399998,71.429998,94800,10.720241
2004-12-29,71.299982,73.45998,71.299982,72.169979,69600,10.831297
2004-12-28,72.460018,72.910023,70.900023,71.899979,159600,10.790776
2004-12-27,71.980019,73.069983,70.159979,70.50,236400,10.580666
2004-12-23,73.379997,73.510019,71.299982,71.299982,129600,10.700728
2004-12-22,72.160023,73.949999,72.090002,72.090002,136200,10.819294
2004-12-21,71.320021,73.000019,70.960018,73.000019,79200,10.95587
2004-12-20,70.999981,72.52002,70.339977,70.339977,66000,10.55665
2004-12-17,71.110022,72.449999,70.000019,72.00,129600,10.805787
2004-12-16,72.00,72.589977,70.330021,70.409998,120000,10.567159
2004-12-15,71.149979,72.810001,71.149979,72.810001,121200,10.927352
2004-12-14,70.669979,71.590021,70.309982,71.590021,150000,10.744257
2004-12-13,70.639978,71.53002,69.769981,70.199999,159600,10.535642
2004-12-10,69.70998,70.759981,68.509981,70.660023,227400,10.604683
2004-12-09,68.620022,69.689999,67.169998,69.689999,175800,10.459101
2004-12-08,69.370022,69.640022,68.200018,69.619978,393600,10.448592
2004-12-07,70.249981,70.350002,68.56002,68.56002,280800,10.289513
2004-12-06,70.690018,71.070002,70.169998,70.489981,156600,10.579163
2004-12-03,73.159979,73.159979,70.78002,71.149979,132600,10.678215
2004-12-02,72.100021,73.93998,72.100021,73.000019,136800,10.95587
2004-12-01,72.27,73.120022,71.500019,72.629997,232800,10.900337
2004-11-30,71.710018,73.949999,71.329983,72.850021,253200,10.933358
2004-11-29,73.000019,73.350002,70.77,72.28002,157800,10.847812
2004-11-26,71.68998,72.739981,70.960018,72.370022,96000,10.86132
2004-11-24,68.440018,71.890022,67.50,71.44998,475800,10.72324
2004-11-23,64.999981,66.600002,64.21998,66.600002,307200,9.995353
2004-11-22,64.50,66.97998,63.589977,66.97998,137400,10.05238
2004-11-19,66.870003,66.870003,64.570021,64.579983,49800,9.692188
2004-11-18,66.349977,66.959999,66.349977,66.370022,26400,9.960838
2004-11-17,65.550001,66.94998,65.340002,66.360003,118200,9.959334
2004-11-16,65.740019,66.529982,64.690018,64.999981,115800,9.755221
2004-11-15,66.570002,66.99,65.580002,66.719999,121800,10.013362
2004-11-12,67.150023,67.909979,66.349977,67.889997,73800,10.152937
2004-11-11,66.840002,67.77,66.540001,67.69998,60600,10.12452
2004-11-10,66.540001,67.320002,66.160023,66.959999,72000,10.013856
2004-11-09,65.710018,66.31002,65.01,66.169979,103800,9.895709
2004-11-08,64.999981,65.899979,64.800001,65.659979,109800,9.819438
2004-11-05,63.580021,65.389978,63.499981,65.389978,246600,9.77906
2004-11-04,61.600021,63.289982,61.600021,62.749981,52800,9.384248
2004-11-03,61.800001,63.00,61.800001,63.00,67200,9.421639
2004-11-02,62.100002,62.359978,61.099977,61.399979,78600,9.182356
2004-11-01,60.330002,62.080021,60.00,61.409998,126600,9.183854
2004-10-29,62.29002,62.29002,60.360003,60.55002,72000,9.055245
2004-10-28,61.709999,62.119978,60.600002,61.789982,82800,9.240681
2004-10-27,60.70998,61.639978,60.019981,61.639978,324000,9.218248
2004-10-26,60.070021,60.55002,59.49,60.04002,132600,8.978974
2004-10-25,58.50,60.060001,58.50,59.590021,117600,8.911677
2004-10-22,59.669998,59.669998,58.620003,58.679998,93600,8.775583
2004-10-21,59.869978,60.100021,59.370003,59.669998,81600,8.923638
2004-10-20,60.030001,60.929998,59.569983,59.68998,122400,8.926626
2004-10-19,60.559982,61.519981,60.030001,60.030001,87000,8.977476
2004-10-18,61.530001,61.530001,60.010019,60.51,105600,9.04926
2004-10-15,61.579983,61.81002,61.150023,61.21998,124800,9.155437
2004-10-14,61.480019,62.100002,61.03002,61.330021,177000,9.171894
2004-10-13,62.580002,62.580002,61.210018,61.830002,313200,9.246666
2004-10-12,61.960018,61.960018,60.060001,61.949999,186600,9.264611
2004-10-11,60.490019,61.849977,59.749981,61.279982,313200,9.16441
2004-10-08,63.349977,63.349977,60.540001,60.540001,284400,9.053746
2004-10-07,64.919998,64.98,63.389997,63.389997,182400,9.479963
2004-10-06,65.68998,65.68998,64.489981,64.999981,162600,9.720736
2004-10-05,66.449999,66.449999,65.230019,65.370003,99000,9.776072
2004-10-04,66.349977,66.99,65.850002,66.28002,246000,9.912165
2004-10-01,67.519981,68.399998,66.580021,66.75,226800,9.982451
2004-09-30,65.939999,67.489981,65.419979,67.489981,184800,10.093115
2004-09-29,63.829983,65.929979,63.829983,65.839977,159000,9.846357
2004-09-28,64.240019,64.840021,63.209999,64.009981,273000,9.572681
2004-09-27,64.74,64.74,63.94998,63.94998,148200,9.563708
2004-09-24,64.530001,65.040001,64.50,64.930017,48600,9.710273
2004-09-23,64.18998,64.830002,64.159979,64.399979,96600,9.631005
2004-09-22,65.059982,65.100002,64.099977,64.93998,231600,9.711762
2004-09-21,64.000019,65.850002,64.000019,65.669998,171600,9.820937
2004-09-20,64.999981,65.639997,64.489981,64.50,223200,9.645964
2004-09-17,64.439999,66.719999,64.240019,65.52,376200,9.798504
2004-09-16,64.510019,65.100002,64.339977,65.089977,115200,9.734195
2004-09-15,64.450018,65.040001,64.000019,64.249981,181800,9.608573
2004-09-14,66.019981,66.430017,64.350002,64.93998,200400,9.711762
2004-09-13,64.709999,66.19998,64.669979,65.830021,186000,9.844868
2004-09-10,63.889978,64.579983,62.860022,64.579983,648600,9.657925
2004-09-09,62.599977,63.99,62.569983,63.99,75000,9.569693
2004-09-08,62.01,63.499981,61.690018,62.590021,201600,9.360327
2004-09-07,61.000019,61.999981,60.619978,61.999981,60600,9.272086
2004-09-03,60.810001,61.709999,60.060001,60.570002,130200,9.058233
2004-09-02,59.580002,61.000019,59.580002,60.319983,208200,9.020843
2004-09-01,58.800001,60.730019,58.649998,60.490019,244200,9.046272
2004-08-31,58.02,58.800001,57.079983,58.800001,178800,8.79353
2004-08-30,59.080021,59.080021,57.75,57.810001,63600,8.645475
2004-08-27,58.45998,59.080021,58.090021,59.080021,92400,8.835407
2004-08-26,59.350021,59.830021,57.919979,58.099977,160800,8.688841
2004-08-25,59.53002,59.53002,57.850021,59.410023,96600,8.884758
2004-08-24,59.500019,59.710018,58.080002,59.710018,186600,8.929623
2004-08-23,57.330002,59.440018,57.330002,59.440018,224400,8.889244
2004-08-20,58.000019,58.06002,57.820021,57.99,124800,8.672394
2004-08-19,58.000019,58.50,57.739981,57.820021,121800,8.646974
2004-08-18,56.929979,58.379997,56.899979,57.859978,85800,8.652949
2004-08-17,58.450018,58.45998,56.899979,57.24,102600,8.560232
2004-08-16,56.140022,58.080002,56.089977,58.02,180600,8.676881
2004-08-13,56.459999,57.139978,56.040001,56.610003,94200,8.430124
2004-08-12,56.590021,57.160023,56.070002,56.44998,151200,8.406294
2004-08-11,56.860022,57.840002,56.500019,57.060001,129000,8.497136
2004-08-10,55.709999,57.449999,55.709999,57.330002,406800,8.537343
2004-08-09,56.56002,56.929979,54.769981,55.709999,181800,8.296099
2004-08-06,58.139997,58.30002,54.75,54.75,259200,8.15314
2004-08-05,59.740019,61.000019,58.18998,58.399979,392400,8.696679
2004-08-04,60.24,61.399979,59.100002,61.000019,246600,9.083866
2004-08-03,60.610022,61.45998,59.740019,60.43998,268800,9.000468
2004-08-02,62.359978,62.359978,59.550001,61.469999,187200,9.153854
2004-07-30,61.960018,62.230019,60.649979,61.369978,247800,9.138959
2004-07-29,61.819983,62.159998,60.970018,61.480019,198600,9.155346
2004-07-28,63.00,63.00,60.859978,61.489981,280200,9.15683
2004-07-27,63.629997,64.450018,61.429979,62.610003,577200,9.323618
2004-07-26,67.009981,67.93998,64.439999,65.969999,234000,9.823975
2004-07-23,69.640022,69.640022,67.009981,67.009981,211200,9.978845
2004-07-22,69.610022,71.05002,67.530001,67.579983,265800,10.063727
2004-07-21,71.899979,72.00,69.959999,69.959999,137400,10.418149
2004-07-20,70.579983,71.879997,70.06002,71.879997,111600,10.704067
2004-07-19,69.820021,71.239981,69.820021,70.21998,108600,10.456864
2004-07-16,71.399998,71.80002,69.829983,70.949999,192600,10.565576
2004-07-15,70.800001,71.740019,70.489981,70.93998,210600,10.564084
2004-07-14,69.259981,71.920017,69.109978,70.78002,279600,10.540263
2004-07-13,68.380022,69.659998,68.350021,69.659998,322800,10.373474
2004-07-12,68.599977,68.899979,67.50,67.50,129600,10.051816
2004-07-09,68.539982,69.409979,68.119978,68.370003,82200,10.181373
2004-07-08,69.419998,69.739981,68.129997,68.320021,135600,10.17393
2004-07-07,69.540001,70.720018,69.220018,69.449999,101400,10.342202
2004-07-06,70.009981,70.03002,68.440018,68.820002,133200,10.248385
2004-07-02,71.080021,71.620022,70.06002,71.02002,42600,10.576003
2004-07-01,71.440018,72.689999,70.919998,71.100002,61200,10.587914
2004-06-30,73.169998,73.639978,71.939999,72.109978,217800,10.738315
2004-06-29,70.900023,73.720018,70.150023,73.669979,419400,10.970624
2004-06-28,68.550001,71.899979,68.550001,71.56002,386400,10.656418
2004-06-25,69.010019,69.250019,68.440018,68.440018,217200,10.1918
2004-06-24,70.420017,70.450018,68.77002,69.589977,75600,10.363047
2004-06-23,68.680017,70.469999,68.680017,69.970018,118800,10.419641
2004-06-22,68.239981,69.719999,68.239981,69.379978,159600,10.331775
2004-06-21,69.99,69.99,68.329983,68.80002,87600,10.24541
2004-06-18,68.850002,70.129978,68.260019,70.129978,249000,10.443462
2004-06-17,68.809982,69.430017,68.149979,69.27,160200,10.315397
2004-06-16,66.360003,68.699999,66.360003,68.159998,322800,10.1501
2004-06-15,64.50,68.49,64.279982,68.320021,240000,10.17393
2004-06-14,66.209999,66.570002,64.709999,64.750019,117600,9.642301
2004-06-10,67.390022,67.390022,65.839977,66.600002,187200,9.917792
2004-06-09,67.960018,67.960018,66.880022,66.94998,94200,9.96991
2004-06-08,65.110022,67.98,65.110022,67.480019,163200,10.048841
2004-06-07,64.120022,67.990019,64.120022,67.96998,179400,10.121804
2004-06-04,66.109978,66.130022,64.069983,64.069983,120600,9.541033
2004-06-03,65.659979,66.19998,64.54002,64.54002,129000,9.611029
2004-06-02,66.46998,66.46998,65.140022,65.380022,196200,9.736118
2004-06-01,65.76,67.249981,65.76,66.389997,249000,9.886519
2004-05-28,66.00,66.449999,65.219999,65.980019,149400,9.825467
2004-05-27,64.469999,66.340021,64.23,66.340021,72000,9.879077
2004-05-26,65.569983,66.349977,64.679998,65.299982,60000,9.724199
2004-05-25,64.830002,66.589977,63.610022,66.499981,277200,9.902898
2004-05-24,61.709999,65.100002,61.709999,64.560001,152400,9.614004
2004-05-21,61.759981,63.010019,61.530001,63.010019,151800,9.383187
2004-05-20,61.750019,61.999981,60.300001,61.72998,181200,9.192569
2004-05-19,61.720018,62.470018,61.240019,61.830002,313800,9.207464
2004-05-18,61.369978,62.280001,61.369978,62.179979,49200,9.259581
2004-05-17,63.499981,63.499981,60.810001,60.94998,118200,9.076415
2004-05-14,62.56002,63.910023,61.510019,63.570002,150000,9.430838
2004-05-13,63.79002,64.180017,62.410023,62.419979,130200,9.260228
2004-05-12,62.219999,64.69998,61.720018,64.69998,153000,9.598474
2004-05-11,61.27002,62.590021,61.009981,62.590021,304800,9.285454
2004-05-10,62.059982,62.100002,59.040001,60.820021,100200,9.022868
2004-05-07,62.280001,64.930017,61.879978,62.159998,198600,9.221659
2004-05-06,64.489981,64.649998,61.74,62.569983,416400,9.282481
2004-05-05,65.830021,65.890022,64.339977,64.339977,213600,9.545066
2004-05-04,64.320002,67.900023,64.320002,66.19998,264600,9.821004
2004-05-03,62.610003,64.840021,62.340002,64.139997,556800,9.515399
2004-04-30,63.859978,63.97998,62.340002,62.340002,282000,9.248363
2004-04-29,65.869978,66.100021,63.409979,63.409979,124200,9.407098
2004-04-28,67.50,67.50,64.530001,65.410023,197400,9.703811
2004-04-27,65.47998,67.819983,64.999981,66.700018,423600,9.895187
2004-04-26,65.49,65.49,63.75,64.000019,214800,9.494632
2004-04-23,64.510019,65.370003,63.079983,64.750019,195000,9.605898
2004-04-22,63.600002,64.98,62.119978,64.399979,232200,9.553968
2004-04-21,61.519981,63.739981,60.540001,63.580021,105000,9.432324
2004-04-20,63.760019,64.000019,61.099977,61.339977,140400,9.100006
2004-04-19,62.650023,64.110003,61.660023,63.689999,275400,9.44864
2004-04-16,61.240019,63.379978,60.94998,62.989981,207000,9.34479
2004-04-15,61.409998,62.040001,59.80002,60.919979,139200,9.037697
2004-04-14,63.019981,63.019981,60.619978,61.249981,74400,9.086654
2004-04-13,63.619978,64.050001,61.630022,61.72998,157200,9.157864
2004-04-12,63.209999,64.849977,62.850002,64.099977,245400,9.509462
2004-04-08,64.03002,64.080002,62.95998,63.00,84000,9.346276
2004-04-07,63.99,64.039982,62.639997,64.009981,99000,9.49611
2004-04-06,63.829983,64.249981,63.670017,63.99,151800,9.493146
2004-04-05,63.799982,64.050001,63.670017,64.000019,149400,9.494632
2004-04-02,63.629997,64.800001,63.629997,64.000019,183000,9.494632
2004-04-01,63.850021,64.03002,63.400023,63.640022,100200,9.441226
2004-03-31,64.249981,64.639978,63.449999,63.739981,348600,9.456055
2004-03-30,62.580002,64.999981,61.709999,64.990019,246600,9.641502
2004-03-29,61.999981,63.499981,61.549982,62.599977,218400,9.286931
2004-03-26,60.889978,61.800001,60.220018,61.690018,195600,9.151935
2004-03-25,61.06002,61.819983,60.409979,61.000019,178800,9.049572
2004-03-24,59.129997,60.820021,59.070002,60.52002,201600,8.978362
2004-03-23,59.56002,60.43998,59.370003,59.539982,97200,8.83297
2004-03-22,61.110003,61.830002,58.860003,59.969999,143400,8.896764
2004-03-19,61.21998,63.259981,61.099977,61.45998,154800,9.117808
2004-03-18,62.569983,63.030001,61.050001,61.630022,126600,9.143035
2004-03-17,62.73,63.679979,61.690018,62.119978,229200,9.215722
2004-03-16,62.909998,63.120003,62.01,62.590021,307800,9.285454
2004-03-15,64.000019,64.249981,62.299982,62.299982,339000,9.242426
2004-03-12,61.399979,64.390022,61.099977,64.110003,284400,9.510949
2004-03-11,61.099977,61.999981,61.02,61.249981,174600,9.086654
2004-03-10,61.120022,62.149979,60.19998,61.50,228600,9.123746
2004-03-09,61.800001,62.68998,61.630022,61.849977,150000,9.175666
2004-03-08,62.129997,62.539982,61.909979,61.930017,81000,9.18754
2004-03-05,62.56002,63.00,61.849977,62.869978,79200,9.326987
2004-03-04,62.269981,62.950018,61.900023,62.890022,64800,9.32996
2004-03-03,63.19998,63.19998,61.590002,62.459999,426600,9.266165
2004-03-02,61.999981,63.840002,61.879978,63.019981,337800,9.34924
2004-03-01,60.970018,62.410023,60.349977,62.410023,181200,9.258751
2004-02-27,59.189999,61.000019,59.089977,60.760019,187200,9.013967
2004-02-26,59.20998,59.639997,58.50,59.599977,143400,8.84187
2004-02-25,57.75,59.059982,57.700018,59.05002,222000,8.760282
2004-02-24,57.619978,58.549982,57.51,57.79002,193200,8.573357
2004-02-23,59.200018,59.299982,57.99,57.99,219600,8.603024
2004-02-20,59.680017,59.879997,58.000019,59.500019,175200,8.827041
2004-02-19,59.399998,59.890022,58.609978,58.909979,175800,8.739507
2004-02-18,59.219999,59.47998,58.72998,59.440018,105000,8.81814
2004-02-17,59.200018,59.419979,57.51,59.329983,60000,8.801816
2004-02-13,58.709999,59.25,58.290001,58.30002,210600,8.613412
2004-02-12,58.949999,59.44998,58.800001,59.170017,150000,8.741948
2004-02-11,59.500019,59.500019,58.830002,59.100002,238200,8.731604
2004-02-10,59.280001,59.629978,58.840021,59.629978,147600,8.809904
2004-02-09,59.01,59.56002,58.750019,58.96998,363600,8.712394
2004-02-06,58.69998,59.550001,58.69998,59.550001,483000,8.798088
2004-02-05,58.489981,59.380022,58.489981,59.380022,54600,8.772975
2004-02-04,58.690018,59.040001,58.199999,58.279982,187200,8.610452
2004-02-03,58.510019,59.01,57.97998,58.999981,163200,8.716826
2004-02-02,58.18998,59.05002,58.080002,58.080002,142200,8.580906
2004-01-30,59.05002,59.100002,58.429979,58.900023,290400,8.702058
2004-01-29,59.389978,59.389978,58.639978,59.100002,265200,8.731604
2004-01-28,60.00,60.499981,57.499981,58.999981,186600,8.716826
2004-01-27,55.669979,60.490019,55.050001,60.00,739200,8.864572
2004-01-26,55.27002,55.78002,55.090021,55.249981,126000,8.162791
2004-01-23,54.850021,55.900023,54.499981,55.900023,99600,8.25883
2004-01-22,55.960018,56.029982,54.600002,54.99,119400,8.12438
2004-01-21,55.519981,56.059982,55.23,55.23,79200,8.159839
2004-01-20,54.259981,56.850002,54.259981,56.05002,96000,8.280991
2004-01-16,56.53002,57.389997,54.649979,54.899998,132000,8.111083
2004-01-15,57.010019,57.030001,55.849977,56.100002,115200,8.288375
2004-01-14,56.879997,57.400023,55.949999,57.400023,144600,8.480444
2004-01-13,55.519981,56.980019,55.519981,56.980019,119400,8.418391
2004-01-12,56.399998,56.399998,54.820021,55.750019,160800,8.236668
2004-01-09,56.580002,57.52002,55.570021,55.590002,76200,8.213026
2004-01-08,56.740019,57.46998,55.369978,57.149998,222600,8.443505
2004-01-07,56.500019,56.580002,55.519981,56.299982,173400,8.317921
2004-01-06,57.389997,57.389997,56.05002,56.05002,151200,8.280991
2004-01-05,56.129997,57.379978,55.309982,57.060001,325800,8.430208
2004-01-02,56.629978,56.740019,55.50,55.750019,148200,8.236668
2003-12-31,57.079983,57.27,56.599977,56.830021,88800,8.39623
2003-12-30,56.749981,57.649979,55.74,56.899979,250800,8.406566
2003-12-29,56.05002,57.330002,55.279982,57.300001,124800,8.465666
2003-12-26,55.169998,56.080021,54.300001,55.999981,20400,8.273598
2003-12-24,56.100002,56.500019,54.850021,55.600021,45000,8.214507
2003-12-23,54.899998,55.999981,54.010019,55.999981,138000,8.273598
2003-12-22,53.539982,54.499981,53.539982,54.43998,127800,8.043119
2003-12-19,55.330021,55.330021,53.830021,54.340021,115200,8.028351
2003-12-18,54.360003,54.880022,53.95998,54.880022,88200,8.108132
2003-12-17,54.460018,54.829983,53.860022,54.829983,50400,8.100739
2003-12-16,54.060001,54.649979,53.830021,54.43998,106800,8.043119
2003-12-15,55.600021,55.990019,53.939999,54.139978,82200,7.998796
2003-12-12,54.75,55.339977,54.24,54.810001,133800,8.097787
2003-12-11,53.509981,55.139997,53.230019,55.110003,101400,8.14211
2003-12-10,54.109978,54.109978,53.260019,53.920017,85200,7.966298
2003-12-09,54.499981,54.670017,53.77002,54.070021,144000,7.98846
2003-12-08,54.75,54.97998,53.71998,54.449999,217800,8.044599
2003-12-05,53.860022,54.340021,53.629978,54.160023,249600,8.001757
2003-12-04,54.43998,55.099977,53.410023,54.00,329400,7.978115
2003-12-03,52.390022,55.080002,52.03002,54.700018,448800,8.081537
2003-12-02,50.860022,52.18998,50.860022,51.899998,238800,7.667854
2003-12-01,50.669998,51.899998,50.620022,51.899998,157200,7.667854
2003-11-28,50.01,50.239981,49.830002,49.840021,44400,7.363508
2003-11-26,50.659979,50.659979,49.819983,50.01,250200,7.388621
2003-11-25,48.959999,50.809982,47.950021,50.410023,198000,7.447721
2003-11-24,47.400001,48.719999,46.759981,48.349977,149400,7.143364
2003-11-21,46.439999,47.230019,46.439999,47.160001,235200,6.967554
2003-11-20,44.76,46.42002,44.76,46.42002,174000,6.858227
2003-11-19,44.73,45.40002,44.430001,45.220021,307200,6.680936
2003-11-18,45.250019,45.99,44.73,44.899979,85200,6.633652
2003-11-17,46.000019,46.000019,44.500019,45.31998,99000,6.695704
2003-11-14,46.000019,46.81002,45.91002,46.26,80400,6.834585
2003-11-13,45.490019,46.570021,45.04002,46.369981,55200,6.850834
2003-11-12,45.499981,45.880019,45.049979,45.87,316800,6.741507
2003-11-11,45.36,45.610019,44.56998,45.490019,180000,6.685661
2003-11-10,47.779979,47.910001,45.499981,45.499981,217200,6.687126
2003-11-07,48.810001,48.99,47.80002,48.079983,227400,7.066308
2003-11-06,49.530001,49.530001,48.52002,48.52002,150000,7.13098
2003-11-05,48.889978,49.570021,48.719999,49.399979,115800,7.260308
2003-11-04,49.000019,50.899979,48.570002,49.590002,277200,7.288235
2003-11-03,46.210021,48.94998,45.51,48.94998,168600,7.194171
2003-10-31,44.899979,46.399979,44.440021,45.649979,251400,6.709171
2003-10-30,43.920001,44.849999,43.920001,44.459999,132000,6.53428
2003-10-29,43.390019,44.430001,43.02,44.389981,120600,6.523989
2003-10-28,43.199999,43.489981,43.03002,43.30002,78600,6.363798
2003-10-27,44.099999,44.339999,43.079999,43.18998,223200,6.347625
2003-10-24,44.149979,44.359981,43.669979,44.08998,48000,6.479898
2003-10-23,44.099999,44.699999,43.999981,44.189999,42000,6.494598
2003-10-22,44.440021,44.550001,44.149979,44.359981,197400,6.51958
2003-10-21,44.500019,45.28002,44.500019,45.100021,37200,6.628344
2003-10-20,44.500019,44.80002,43.89,44.59998,81000,6.554853
2003-10-17,45.799979,45.799979,44.699999,44.749981,126000,6.576898
2003-10-16,45.24,45.799979,45.049979,45.379981,68400,6.669489
2003-10-15,45.540001,45.850021,45.169979,45.580021,70200,6.698889
2003-10-14,44.350021,46.000019,44.350021,45.970021,67800,6.756207
2003-10-13,45.169979,45.169979,44.550001,44.699999,241200,6.569552
2003-10-10,45.580021,45.889981,44.849999,45.169979,157200,6.638625
2003-10-09,45.940021,46.879981,45.089999,45.340021,47400,6.663616
2003-10-08,45.679979,45.930001,45.679979,45.70998,40800,6.717989
2003-10-07,46.309979,46.50,45.99,46.50,64800,6.834098
2003-10-06,45.420001,46.50,45.139981,46.290001,53400,6.803235
2003-10-03,44.68002,45.970021,44.68002,45.970021,117600,6.756207
2003-10-02,46.38,46.42002,45.31002,45.329999,88800,6.662143
2003-10-01,43.84998,46.38,43.21998,46.38,96600,6.816462
2003-09-30,44.790001,45.00,43.02,43.390019,237000,6.377025
2003-09-29,44.37,44.76,43.669979,44.509981,83400,6.541625
2003-09-26,44.500019,44.71998,43.960021,44.37,137400,6.521052
2003-09-25,45.499981,45.51,44.200021,44.500019,134400,6.540161
2003-09-24,44.500019,45.00,44.32998,44.500019,93600,6.540161
2003-09-23,43.909979,44.49,43.30002,44.350021,120000,6.518116
2003-09-22,45.70998,45.70998,44.01,44.110019,346800,6.482843
2003-09-19,46.840021,46.879981,45.839999,45.839999,282000,6.737098
2003-09-18,47.550001,47.550001,46.909979,46.909979,63600,6.894353
2003-09-17,47.200021,47.590021,47.200021,47.550001,133200,6.988417
2003-09-16,46.72998,47.579999,46.349999,47.49,62400,6.979598
2003-09-15,46.410001,47.110019,45.99,46.650001,55800,6.856144
2003-09-12,48.00,48.00,46.009981,46.510019,141000,6.835571
2003-09-11,46.750019,48.00,46.570021,48.00,126600,7.054553
2003-09-10,49.18998,49.18998,46.77,46.77,178200,6.87378
2003-09-09,49.750019,49.750019,49.050001,49.199999,126000,7.230917
2003-09-08,49.320002,49.990019,49.309982,49.570021,187200,7.285299
2003-09-05,49.909979,50.149979,48.99,49.139997,78600,7.222098
2003-09-04,49.290001,50.159998,49.290001,49.900023,318000,7.333799
2003-09-03,49.249981,50.299982,49.249981,49.549982,214800,7.282354
2003-09-02,49.069983,49.999981,48.75,49.999981,225600,7.34849
2003-08-29,48.51,49.120022,48.00,48.840002,71400,7.178008
2003-08-28,48.130022,48.99,47.620019,48.670017,88800,7.153025
2003-08-27,48.120003,48.130022,47.620019,47.939999,150600,7.045735
2003-08-26,45.930001,48.130022,45.259981,48.090002,223200,7.067781
2003-08-25,45.569999,45.970021,45.379981,45.719999,118200,6.719462
2003-08-22,47.389981,47.389981,45.679979,45.689999,106200,6.715052
2003-08-21,46.530001,47.02002,46.319999,46.870019,72000,6.88848
2003-08-20,45.420001,47.470021,45.420001,46.750019,121800,6.870844
2003-08-19,44.37,46.000019,44.040001,46.000019,151800,6.760616
2003-08-18,42.599999,45.00,42.31002,44.02002,160200,6.469616
2003-08-15,41.25,43.98,41.25,43.589999,172800,6.406416
2003-08-14,41.269981,41.500019,41.140019,41.280001,438000,6.066916
2003-08-13,41.299979,41.419979,41.080021,41.380019,96000,6.081615
2003-08-12,40.549979,41.500019,40.549979,41.400001,47400,6.049279
2003-08-11,41.029979,41.13,40.750019,41.13,44400,6.009827
2003-08-08,40.600021,41.299979,40.530001,40.530001,166200,5.922157
2003-08-07,40.450021,41.119981,40.429979,40.639981,163800,5.938227
2003-08-06,41.20998,41.440021,40.309979,40.870019,132600,5.97184
2003-08-05,40.759981,41.419979,40.750019,40.77,101400,5.957225
2003-08-04,40.62,41.400001,40.469999,41.119981,114600,6.008363
2003-08-01,41.509981,41.88,40.18998,40.999981,213000,5.990829
2003-07-31,42.559979,43.89,41.500019,41.899979,232200,6.122335
2003-07-30,42.289979,42.99,41.52,42.719999,150000,6.242155
2003-07-29,42.060001,42.46998,41.49,42.40002,90600,6.1954
2003-07-28,41.509981,42.19998,41.509981,41.579999,98400,6.07558
2003-07-25,41.219999,41.95998,40.949999,41.95998,169200,6.131102
2003-07-24,40.50,41.53002,40.50,41.230019,197400,6.024442
2003-07-23,41.76,41.76,40.309979,41.080021,409200,6.002525
2003-07-22,44.809979,45.100021,41.160001,41.92002,1039800,6.125263
2003-07-21,45.049979,45.58998,45.030001,45.180001,189600,6.601605
2003-07-18,43.920001,45.409979,43.669979,45.34998,123000,6.626442
2003-07-17,44.189999,44.37,43.30002,43.72998,250800,6.389731
2003-07-16,44.65002,44.740019,44.219999,44.339999,62400,6.478866
2003-07-15,44.64,44.64,44.359981,44.590021,70800,6.515398
2003-07-14,44.68002,44.68002,43.98,44.579999,383400,6.513934
2003-07-11,43.949999,45.139981,43.800001,44.160001,100200,6.452565
2003-07-10,44.320021,44.350021,43.84998,43.909979,199800,6.416032
2003-07-09,44.08998,44.500019,44.029979,44.299979,145800,6.473018
2003-07-08,44.01,44.099999,43.89,44.099999,144600,6.443797
2003-07-07,43.609981,44.509981,43.000019,44.029979,199800,6.433566
2003-07-03,43.999981,44.749981,43.50,44.080021,186600,6.440878
2003-07-02,43.279979,43.90002,43.03002,43.800001,214800,6.399962
2003-07-01,42.799979,43.50,42.79002,43.279979,473400,6.323978
2003-06-30,43.399979,43.800001,42.100021,43.009981,336600,6.284526
2003-06-27,43.079999,43.690021,42.94998,42.94998,197400,6.275759
2003-06-26,43.18998,43.30002,42.730019,43.09998,205200,6.297677
2003-06-25,43.240019,43.50,42.880019,43.03002,216000,6.287454
2003-06-24,42.850021,44.430001,42.850021,43.450021,143400,6.348824
2003-06-23,42.900001,43.26,42.900001,43.000019,396000,6.283071
2003-06-20,43.18998,43.600021,43.000019,43.549979,321600,6.36343
2003-06-19,43.50,43.510019,43.000019,43.18998,142800,6.310827
2003-06-18,43.279979,44.080021,43.159979,43.360019,151200,6.335673
2003-06-17,43.369981,43.399979,42.610019,43.240019,260400,6.318139
2003-06-16,41.310001,43.27002,41.160001,43.18002,318000,6.309372
2003-06-13,41.629981,42.130019,41.260019,41.320021,109800,6.037593
2003-06-12,40.650001,42.329999,40.650001,41.339999,162600,6.040512
2003-06-11,40.000019,40.62,39.94998,40.530001,165000,5.922157
2003-06-10,39.150001,40.210021,39.070021,40.009981,93000,5.846173
2003-06-09,39.850021,39.850021,39.030001,39.030001,106800,5.70298
2003-06-06,38.950021,40.18998,38.68998,39.39,136800,5.755582
2003-06-05,38.149979,40.000019,37.600021,39.82998,139800,5.819871
2003-06-04,37.600021,38.37,37.510019,37.829999,225000,5.527638
2003-06-03,38.25,38.37,36.900001,37.669979,169200,5.504257
2003-06-02,38.65002,38.65002,37.759981,38.380019,153000,5.608006
2003-05-30,38.59998,38.80002,38.080021,38.389981,180000,5.609462
2003-05-29,39.00,39.24,37.920001,38.069999,124800,5.562707
2003-05-28,38.899979,39.00,38.579999,38.809979,46800,5.670831
2003-05-27,38.400001,38.860019,37.829999,38.47998,165600,5.622612
2003-05-23,38.400001,38.440021,37.990019,38.20998,57000,5.58316
2003-05-22,37.98,38.500019,37.750019,38.419979,58200,5.613845
2003-05-21,37.829999,38.359981,37.429979,38.320021,58800,5.599239
2003-05-20,37.829999,39.07998,37.709999,38.200021,151200,5.581705
2003-05-19,38.149979,38.200021,37.330021,37.72998,311400,5.513024
2003-05-16,40.27002,40.789979,38.040001,38.069999,243600,5.562707
2003-05-15,39.52002,40.630019,39.52002,40.600021,83400,5.932388
2003-05-14,40.450021,40.78002,40.120019,40.50,94200,5.882705
2003-05-13,39.300001,40.800001,38.65002,40.54002,523200,5.888518
2003-05-12,38.929979,39.259981,38.699999,39.259981,175200,5.70259
2003-05-09,38.179979,39.00,37.98,38.939999,69600,5.656111
2003-05-08,38.119981,38.389981,37.800001,37.990019,68400,5.518125
2003-05-07,38.359981,38.53002,37.93998,38.200021,141000,5.548628
2003-05-06,37.609981,38.73,37.609981,38.400001,202800,5.577676
2003-05-05,38.119981,38.119981,37.450021,37.750019,149400,5.483265
2003-05-02,36.970021,38.299979,36.919979,37.93002,331800,5.50941
2003-05-01,36.970021,36.970021,36.460021,36.799979,50400,5.345269
2003-04-30,36.300001,37.079999,36.209999,37.02,162600,5.377228
2003-04-29,36.40002,36.55002,36.19998,36.300001,128400,5.272647
2003-04-28,35.819999,36.880019,35.779979,36.719999,61800,5.333652
2003-04-25,35.68002,35.969999,35.44998,35.809979,91800,5.20147
2003-04-24,35.659979,35.980019,35.65002,35.980019,169200,5.226169
2003-04-23,35.80002,35.950021,35.659979,35.699999,199800,5.185495
2003-04-22,34.69998,36.24,34.30002,35.83998,531600,5.205828
2003-04-21,37.45998,37.690021,37.45998,37.57998,119400,5.458566
2003-04-17,37.600021,37.600021,37.319999,37.560001,142200,5.455664
2003-04-16,36.799979,37.669979,36.799979,37.570021,67800,5.457119
2003-04-15,37.309979,37.489981,36.139981,37.120019,198600,5.391756
2003-04-14,37.680001,37.680001,36.67002,37.38,88200,5.429519
2003-04-11,38.73,38.890019,37.03002,37.50,111600,5.446949
2003-04-10,38.849999,38.869981,37.27002,38.68002,85800,5.618349
2003-04-09,38.13,38.899979,37.279979,37.86,181800,5.49924
2003-04-08,38.260019,38.68998,38.13,38.32998,165000,5.567505
2003-04-07,36.07998,39.499981,36.07998,38.500019,228000,5.592204
2003-04-04,36.130019,36.839999,35.83998,36.610019,87000,5.317677
2003-04-03,35.670001,36.36,35.670001,35.849999,72600,5.207283
2003-04-02,35.25,35.890019,34.639981,35.779979,106200,5.197112
2003-04-01,34.86,35.710021,34.039979,35.189999,117600,5.111417
2003-03-31,34.600021,35.17002,33.820021,34.829999,174000,5.059126
2003-03-28,35.05002,35.05002,34.62,34.759981,70800,5.048956
2003-03-27,35.099999,35.400001,34.669979,35.069999,177000,5.093986
2003-03-26,35.88,36.27,34.999981,35.099999,153000,5.098344
2003-03-25,35.41002,35.809979,35.059979,35.809979,168600,5.20147
2003-03-24,37.09998,37.09998,35.059979,35.500019,109200,5.156448
2003-03-21,35.260019,36.780001,35.08998,36.250019,187800,5.265387
2003-03-20,35.980019,36.28002,35.230019,36.089999,95400,5.242143
2003-03-19,37.30002,37.38,35.440021,35.980019,165000,5.226169
2003-03-18,36.180001,37.199999,36.169979,37.199999,113400,5.403373
2003-03-17,34.84998,36.34998,34.570021,36.100021,135600,5.243599
2003-03-14,34.750019,35.219999,34.510019,35.179979,144600,5.109961
2003-03-13,33.48,35.029979,33.22998,34.560001,200400,5.019908
2003-03-12,33.559979,33.700021,32.809979,33.27,201000,4.832533
2003-03-11,34.090021,34.45998,33.51,33.689999,115200,4.893539
2003-03-10,34.09998,34.78002,33.900001,33.900001,209400,4.924042
2003-03-07,34.000019,34.690021,34.000019,34.159979,108000,4.961804
2003-03-06,33.649979,35.099999,33.649979,34.469999,124200,5.006835
2003-03-05,34.800001,35.119981,34.170001,34.609981,149400,5.027168
2003-03-04,35.659979,36.39,34.11,34.290001,322800,4.98069
2003-03-03,35.389981,36.04002,35.25,36.00,217800,5.229071
2003-02-28,34.78002,35.500019,34.78002,35.380019,115800,5.139017
2003-02-27,34.090021,36.00,34.090021,35.099999,201600,5.098344
2003-02-26,35.939999,35.939999,34.93998,34.93998,178200,5.075101
2003-02-25,34.630019,35.620019,34.279979,35.260019,651600,5.121587
2003-02-24,35.230019,35.41002,34.45998,34.96998,137400,5.079459
2003-02-21,34.15002,36.070021,33.51,35.359981,272400,5.136107
2003-02-20,35.08998,35.37,34.000019,34.02,76200,4.941472
2003-02-19,35.899979,36.100021,34.949999,35.25,97200,5.120132
2003-02-18,35.59998,35.989981,34.800001,35.749981,155400,5.192755
2003-02-14,35.320021,35.92002,34.680001,35.029979,149400,5.088173
2003-02-13,34.50,35.359981,34.09998,35.01,151800,5.085271
2003-02-12,35.980019,35.980019,34.510019,34.879981,212400,5.066386
2003-02-11,35.790001,36.300001,35.500019,35.500019,189600,5.121587
2003-02-10,34.469999,35.539979,34.469999,35.219999,75000,5.081189
2003-02-07,35.929979,35.95998,33.760019,35.099999,246000,5.063876
2003-02-06,35.64,35.95998,35.32998,35.53002,177600,5.125915
2003-02-05,35.219999,36.329999,35.01,35.539979,103200,5.127352
2003-02-04,35.899979,35.899979,34.72998,35.200021,255600,5.078306
2003-02-03,36.99,37.750019,36.00,36.00,235800,5.193719
2003-01-31,37.870019,37.870019,36.859981,36.970021,373200,5.333664
2003-01-30,37.77,37.81002,36.52002,37.120019,369000,5.355305
2003-01-29,36.27,37.50,35.05002,37.050001,392400,5.345203
2003-01-28,36.82998,36.82998,35.059979,35.389981,463800,5.105712
2003-01-27,37.30002,37.54002,36.51,36.51,198600,5.267297
2003-01-24,38.400001,38.400001,37.630019,37.86,511200,5.462062
2003-01-23,36.900001,38.699999,36.780001,38.64,718200,5.574592
2003-01-22,36.00,37.23,34.86,36.91002,904200,5.325008
2003-01-21,36.97998,37.38,34.609981,34.789979,1745400,5.01915
2003-01-17,41.659979,41.659979,39.55002,39.55002,501000,5.705881
2003-01-16,41.359981,42.049979,41.359981,41.470021,86400,5.982879
2003-01-15,42.139981,42.139981,41.099999,41.869981,267000,6.040581
2003-01-14,41.37,42.00,40.870019,41.590021,241800,6.000192
2003-01-13,42.109981,42.109981,40.519981,41.980019,219000,6.056457
2003-01-10,42.719999,43.589999,41.339999,41.339999,243000,5.964121
2003-01-09,41.37,43.42002,41.20998,42.649979,211200,6.153112
2003-01-08,41.590021,42.839999,41.230019,42.420001,103800,6.119933
2003-01-07,43.78002,43.78002,41.56998,42.089999,267000,6.072323
2003-01-06,43.69998,44.280001,43.210021,43.680001,109200,6.301713
2003-01-03,44.500019,44.670001,43.800001,44.08998,147000,6.360861
2003-01-02,43.50,44.47998,43.11,43.98,217800,6.344994
2002-12-31,40.89,44.25,40.89,43.50,572400,6.275744
2002-12-30,42.19998,42.689999,40.360019,40.870019,548400,5.896317
2002-12-27,42.799979,42.799979,42.180001,42.730019,125400,6.164659
2002-12-26,42.599999,42.799979,42.34998,42.610019,77400,6.147347
2002-12-24,42.94998,42.94998,42.19998,42.379981,185400,6.114159
2002-12-23,44.47998,44.749981,42.689999,43.039979,443400,6.209377
2002-12-20,43.81998,44.280001,43.450021,43.98,319800,6.344994
2002-12-19,43.62,43.98,43.09998,43.319999,306600,6.249775
2002-12-18,44.950021,44.950021,43.18998,43.399979,435600,6.261314
2002-12-17,45.63,45.900001,45.070021,45.300001,240000,6.53543
2002-12-16,44.860019,45.719999,44.860019,45.289979,198000,6.533984
2002-12-13,45.100021,45.420001,44.200021,45.070021,279600,6.502251
2002-12-12,44.710021,45.529979,44.68002,45.19998,387600,6.521
2002-12-11,44.699999,45.649979,44.400001,44.73,301800,6.453196
2002-12-10,44.080021,44.790001,43.450021,44.73,384000,6.453196
2002-12-09,43.560001,44.099999,43.15002,43.609981,413400,6.291611
2002-12-06,43.50,44.359981,43.039979,43.560001,390000,6.284401
2002-12-05,44.099999,44.819999,43.549979,43.750019,387000,6.311815
2002-12-04,44.56998,45.679979,44.01,44.819999,406200,6.46618
2002-12-03,42.930001,45.529979,42.930001,45.07998,477600,6.503688
2002-12-02,42.799979,44.459999,42.679979,44.400001,535800,6.405587
2002-11-29,44.040001,44.040001,42.540001,42.679979,72000,6.15744
2002-11-27,42.660001,43.870019,42.04002,43.129981,147600,6.222362
2002-11-26,43.81998,43.81998,41.579999,42.24,250200,6.093964
2002-11-25,43.000019,44.41002,42.99,43.630019,138600,6.294502
2002-11-22,40.66002,43.000019,40.510019,42.730019,456600,6.164659
2002-11-21,40.510019,42.00,40.510019,40.800001,376200,5.886215
2002-11-20,41.119981,41.320021,40.650001,40.709999,530400,5.873231
2002-11-19,40.249981,42.660001,40.249981,41.01,526800,5.916512
2002-11-18,41.02002,41.05002,40.30002,40.50,721800,5.842934
2002-11-15,40.399979,41.819999,40.399979,40.81002,396000,5.887661
2002-11-14,39.150001,41.849999,38.359981,40.999981,409800,5.915067
2002-11-13,37.199999,38.910001,37.11,38.670001,448800,5.545309
2002-11-12,37.74,38.400001,35.550001,37.399979,931800,5.363186
2002-11-11,40.009981,40.009981,38.140019,38.65002,501000,5.542443
2002-11-08,40.45998,41.860019,40.009981,40.589999,567000,5.820638
2002-11-07,41.389981,41.76,40.079999,40.680001,392400,5.833544
2002-11-06,41.400001,43.199999,40.680001,41.49,382200,5.949699
2002-11-05,40.999981,41.299979,40.000019,40.000019,316200,5.736034
2002-11-04,40.000019,42.499981,39.010019,41.380019,631200,5.933927
2002-11-01,38.88,39.900001,38.040001,39.900001,336000,5.721692
2002-10-31,36.79002,38.929979,36.79002,38.029979,642600,5.453529
2002-10-30,36.540001,36.970021,36.109981,36.900001,291000,5.291489
2002-10-29,35.939999,36.700021,35.299979,36.640019,327600,5.254208
2002-10-28,36.739981,36.75,34.999981,36.060001,490200,5.171033
2002-10-25,36.52002,36.799979,36.150001,36.55002,325800,5.241302
2002-10-24,36.610019,37.000019,36.209999,36.619981,370200,5.251334
2002-10-23,36.51,37.009981,36.250019,36.619981,481200,5.251334
2002-10-22,37.369981,37.72998,36.540001,36.839999,309600,5.282885
2002-10-21,37.999981,38.500019,36.619981,37.38,269400,5.360321
2002-10-18,38.980019,39.250019,38.02002,38.119981,185400,5.466435
2002-10-17,38.44998,39.499981,38.310001,38.80002,396600,5.563953
2002-10-16,40.90002,40.90002,38.400001,38.440021,612600,5.512329
2002-10-15,41.400001,42.00,40.510019,40.840021,294600,5.856491
2002-10-14,41.899979,41.899979,40.96998,40.96998,358200,5.875127
2002-10-11,43.06002,44.73,41.92002,41.969999,1015200,6.018531
2002-10-10,45.43998,45.43998,42.75,43.800001,351000,6.280955
2002-10-09,46.000019,46.510019,45.169979,45.28002,112800,6.493191
2002-10-08,47.899979,47.899979,46.50,47.149979,220800,6.761344
2002-10-07,47.59998,48.48,47.350021,47.71998,130200,6.843083
2002-10-04,49.159979,49.159979,47.740019,48.010019,603600,6.884675
2002-10-03,48.679979,49.320002,47.550001,47.56998,210000,6.821573
2002-10-02,47.52,49.450018,47.52,49.039982,268200,7.032372
2002-10-01,48.360003,48.70998,46.709999,48.70998,196800,6.98505
2002-09-30,46.349999,47.80002,46.000019,47.389981,183600,6.795761
2002-09-27,47.219999,47.969999,46.50,46.50,82200,6.668137
2002-09-26,47.099999,48.27,46.639981,47.699999,144600,6.840217
2002-09-25,45.00,46.999981,44.849999,46.829999,151800,6.715459
2002-09-24,45.959999,45.959999,44.88,45.22998,157800,6.486015
2002-09-23,45.75,46.000019,45.12,45.959999,104400,6.5907
2002-09-20,45.889981,46.000019,45.329999,45.75,384000,6.560586
2002-09-19,47.189999,47.809979,46.009981,46.02,480600,6.599304
2002-09-18,48.499981,48.499981,47.099999,47.419979,185400,6.800062
2002-09-17,48.120003,48.640022,47.550001,47.59998,39600,6.825875
2002-09-16,48.51,48.51,47.59998,47.849999,27600,6.861728
2002-09-13,48.55002,49.000019,47.49,48.850021,156000,7.005132
2002-09-12,48.799982,49.399979,48.349977,49.069983,129600,7.036674
2002-09-11,48.700018,50.20998,48.540001,48.610022,115200,6.970715
2002-09-10,48.99,49.999981,48.719999,49.570021,211800,7.10838
2002-09-09,47.80002,48.840002,47.80002,48.400023,38400,6.940601
2002-09-06,48.600002,49.27002,48.19998,48.840002,183600,7.003695
2002-09-05,48.689999,48.739981,48.379978,48.730019,214200,6.987923
2002-09-04,48.169979,48.55002,47.53002,48.499981,144000,6.954935
2002-09-03,48.379978,48.449999,47.44998,48.00,178200,6.883238
2002-08-30,48.689999,49.000019,47.629981,48.00,196200,6.883238
2002-08-29,47.44998,49.279982,47.44998,47.710021,194400,6.841655
2002-08-28,48.730019,48.739981,47.099999,47.440021,211200,6.802936
2002-08-27,47.620019,49.090021,47.620019,47.65002,145800,6.83305
2002-08-26,48.48,49.27002,47.790001,48.649979,148200,6.976445
2002-08-23,46.709999,48.870003,46.709999,48.179998,336000,6.90905
2002-08-22,49.090021,49.090021,47.260019,48.700018,260400,6.983621
2002-08-21,46.999981,49.390022,46.360019,48.959999,188400,7.020902
2002-08-20,48.490019,48.499981,46.570021,46.69998,178200,6.696814
2002-08-19,48.940018,48.94998,48.010019,48.300001,536400,6.926258
2002-08-16,47.59998,49.050001,47.59998,48.850021,220800,7.005132
2002-08-15,49.23,49.350002,47.260019,47.65002,205200,6.799641
2002-08-14,49.21998,49.21998,47.32998,48.910023,388200,6.979443
2002-08-13,49.999981,50.100002,49.150023,49.169998,283800,7.016541
2002-08-12,50.340002,50.340002,49.72998,49.960018,177600,7.129277
2002-08-09,50.539982,50.550001,49.750019,49.750019,160800,7.09931
2002-08-08,50.040001,50.850002,49.519981,49.74,358200,7.09788
2002-08-07,50.089977,51.209999,49.750019,50.029982,334200,7.13926
2002-08-06,50.219999,50.629978,49.330021,50.05002,274200,7.14212
2002-08-05,48.840002,50.200018,48.840002,49.999981,145800,7.134979
2002-08-02,51.739981,52.159979,48.719999,48.829983,434400,6.968021
2002-08-01,51.149998,52.849977,51.00,51.419998,327000,7.337615
2002-07-31,51.730019,53.260019,51.160023,51.160023,372000,7.300517
2002-07-30,52.549982,53.149979,51.799982,52.249981,735600,7.456053
2002-07-29,51.649979,53.080021,51.649979,52.339977,275400,7.468896
2002-07-26,51.330002,52.660023,51.010019,52.06002,85800,7.428946
2002-07-25,52.000019,52.399979,50.699999,51.030001,719400,7.281963
2002-07-24,50.299982,54.00,48.52002,53.989981,327000,7.704351
2002-07-23,51.889978,51.889978,50.02002,50.100002,147600,7.149252
2002-07-22,52.050001,52.74,50.299982,51.209999,162600,7.307648
2002-07-19,54.00,55.000019,52.199999,52.30002,201600,7.463194
2002-07-18,55.279982,55.279982,53.980019,54.00,133200,7.705781
2002-07-17,55.879978,55.960018,53.599977,54.090002,253800,7.718624
2002-07-16,54.22998,55.900023,54.22998,54.529982,88800,7.781409
2002-07-15,55.69998,55.830002,53.950018,54.00,167400,7.705781
2002-07-12,55.26,56.44998,55.26,55.900023,121800,7.976913
2002-07-11,55.339977,56.809982,55.090021,55.800001,249600,7.96264
2002-07-10,55.350002,56.170017,55.350002,55.530001,204600,7.924111
2002-07-09,56.239981,56.56002,55.27002,55.50,217200,7.91983
2002-07-08,55.999981,56.969999,55.77,55.78002,257400,7.959789
2002-07-05,54.00,56.350021,54.00,56.200018,91800,8.019722
2002-07-03,56.359978,57.799982,53.280001,53.80002,205800,7.677243
2002-07-02,55.999981,57.580021,55.900023,56.440018,177600,8.05397
2002-07-01,59.399998,60.220018,55.999981,56.260019,221400,8.028284
2002-06-28,59.100002,60.870003,58.000019,59.119978,436200,8.4364
2002-06-27,60.600002,60.810001,58.000019,58.750019,198000,8.383607
2002-06-26,57.499981,60.379978,56.749981,59.809982,263400,8.534863
2002-06-25,60.160023,60.499981,57.349977,57.570002,214200,8.215218
2002-06-24,59.539982,60.250019,58.420017,58.420017,139200,8.336515
2002-06-21,58.600021,60.300001,58.579983,59.410023,330000,8.477789
2002-06-20,59.05002,59.76,57.499981,58.549982,156600,8.355061
2002-06-19,59.550001,60.619978,57.55002,58.110003,211200,8.292276
2002-06-18,58.06002,59.980019,57.499981,58.870022,132600,8.400731
2002-06-17,55.999981,58.290001,55.999981,57.700018,154800,8.233772
2002-06-14,57.319983,57.319983,55.930017,56.350021,245400,8.041128
2002-06-13,56.52,58.429979,55.26,57.00,320400,8.133879
2002-06-12,54.649979,56.809982,54.400023,55.570021,202800,7.929822
2002-06-11,56.140022,57.049982,54.679979,54.780001,114000,7.817086
2002-06-10,57.499981,57.79002,55.930017,56.140022,190200,8.011161
2002-06-07,55.50,57.449999,55.50,56.44998,197400,8.055392
2002-06-06,56.110022,56.80002,55.320002,56.25,217200,8.026855
2002-06-05,57.929998,59.219999,56.110022,56.569983,212400,8.072516
2002-06-04,58.099977,59.280001,57.889978,59.02002,172800,8.422135
2002-06-03,60.349977,60.400023,58.039982,58.099977,292200,8.290846
2002-05-31,60.27,61.30002,60.27,60.319983,199800,8.60764
2002-05-30,61.50,62.350021,60.259981,60.929998,119400,8.694689
2002-05-29,61.009981,61.900023,60.760019,61.249981,157200,8.74035
2002-05-28,60.79002,62.359978,60.75,61.510019,223800,8.777458
2002-05-24,62.470018,62.500019,60.760019,61.26,275400,8.74178
2002-05-23,62.129997,62.500019,61.74,62.389978,207000,8.903027
2002-05-22,62.95998,63.859978,61.369978,62.329983,424200,8.894466
2002-05-21,65.71998,65.71998,63.060001,63.100021,299400,9.00435
2002-05-20,66.850021,67.379997,64.549982,64.819983,336000,9.249788
2002-05-17,68.590021,68.590021,66.75,66.850021,100800,9.539474
2002-05-16,68.359978,68.44998,67.600021,68.260019,185400,9.74068
2002-05-15,68.740019,69.679979,67.510019,69.220018,222000,9.844426
2002-05-14,69.48,69.959999,67.549982,68.350021,353400,9.720695
2002-05-13,67.840021,69.24,67.30002,67.78002,180600,9.63963
2002-05-10,69.319983,69.319983,66.99,66.99,181800,9.527274
2002-05-09,71.040001,71.310001,67.530001,67.909979,550800,9.658113
2002-05-08,71.989981,72.600002,70.360022,70.800001,231600,10.06913
2002-05-07,72.51,72.629997,70.999981,72.179998,361800,10.265392
2002-05-06,73.000019,74.590021,70.999981,72.28002,244800,10.279617
2002-05-03,71.340002,74.500019,70.999981,74.500019,298800,10.595344
2002-05-02,72.409979,73.199999,70.630022,72.769981,241800,10.349299
2002-05-01,68.47998,72.360003,67.360022,72.00,447600,10.239793
2002-04-30,68.76,70.000019,67.800001,68.830021,306600,9.78896
2002-04-29,69.400023,70.549982,68.280001,68.280001,148800,9.710737
2002-04-26,69.160023,70.249981,69.00,69.52002,137400,9.887092
2002-04-25,70.900023,71.879997,69.19998,70.409998,303000,10.013664
2002-04-24,68.399998,72.360003,68.399998,70.900023,339600,10.083355
2002-04-23,70.06002,71.29002,67.879978,68.749981,624600,9.777577
2002-04-22,69.689999,71.929979,69.00,70.390022,160200,10.010823
2002-04-19,69.859978,71.179979,69.100021,69.689999,210000,9.911266
2002-04-18,73.099977,73.120022,69.899998,70.000019,450600,9.955357
2002-04-17,72.499981,73.120022,72.00,72.149998,169800,10.261125
2002-04-16,69.559982,73.000019,69.559982,72.700018,339000,10.339349
2002-04-15,71.399998,71.980019,69.51,70.099977,277800,9.969573
2002-04-12,73.450018,73.789982,71.749981,72.659998,255000,10.333657
2002-04-11,71.49,74.650023,71.49,72.889978,349200,10.366365
2002-04-10,70.02,73.30002,69.419998,73.279982,282000,10.421831
2002-04-09,65.820002,70.870022,65.56002,70.720018,382200,10.057755
2002-04-08,65.850002,66.049982,65.159998,65.550001,310200,9.322478
2002-04-05,66.640022,67.009981,65.73,66.049982,144600,9.393585
2002-04-04,66.300001,67.090021,66.250019,66.499981,163800,9.457584
2002-04-03,67.870022,67.900023,66.00,66.300001,193200,9.429143
2002-04-02,67.50,67.999981,66.499981,67.159979,303000,9.551448
2002-04-01,68.399998,68.669998,66.060001,67.320002,214200,9.574207
2002-03-28,69.349977,69.739981,68.610003,68.80002,210600,9.784694
2002-03-27,69.169979,70.000019,69.169979,69.600002,324600,9.898467
2002-03-26,69.00,69.820021,69.00,69.75,133800,9.919799
2002-03-25,71.170017,71.340002,69.079983,69.43998,351600,9.875708
2002-03-22,68.230019,72.769981,68.230019,70.900023,726000,10.083355
2002-03-21,67.039982,68.899979,66.94998,68.820002,892800,9.787536
2002-03-20,67.169998,67.290001,66.250019,66.820021,165000,9.5031
2002-03-19,67.069983,67.630022,66.640022,67.23,204000,9.561406
2002-03-18,63.499981,67.889997,63.490019,66.700018,354600,9.486033
2002-03-15,62.650023,63.409979,59.429998,62.44998,601200,8.881595
2002-03-14,63.400023,64.549982,63.22998,63.490019,492600,9.029509
2002-03-13,63.349977,64.930017,63.00,64.399979,429000,9.158923
2002-03-12,63.739981,64.549982,63.43998,63.580021,148200,9.042309
2002-03-11,64.990019,65.040001,63.840002,64.74,55200,9.20728
2002-03-08,63.670017,64.990019,63.48,64.620003,573000,9.190214
2002-03-07,61.900023,63.610022,61.23,63.419998,309000,9.019551
2002-03-06,61.93998,62.20998,60.049982,62.189999,265800,8.844621
2002-03-05,60.00,62.73,59.05002,60.899998,512400,8.661158
2002-03-04,56.389978,61.350002,56.029982,60.149998,345600,8.554493
2002-03-01,57.499981,57.499981,55.750019,56.350021,496200,8.014063
2002-02-28,56.899979,57.810001,56.25,57.810001,222000,8.221701
2002-02-27,56.260019,57.899998,56.25,56.869978,388200,8.088011
2002-02-26,55.78002,56.44998,55.78002,56.359978,588600,8.015479
2002-02-25,55.50,55.900023,55.21998,55.800001,262800,7.93584
2002-02-22,55.590002,56.200018,54.319983,55.390022,439200,7.877533
2002-02-21,55.420017,55.750019,55.399979,55.579983,310200,7.904549
2002-02-20,55.360022,55.709999,54.499981,55.439999,224400,7.88464
2002-02-19,55.390022,56.040001,54.79002,55.860003,150600,7.944373
2002-02-15,56.230019,56.230019,54.28002,55.399979,133200,7.878949
2002-02-14,56.599977,56.599977,54.55002,54.659998,134400,7.773709
2002-02-13,55.420017,56.500019,55.290001,56.500019,325800,8.035396
2002-02-12,54.670017,55.429979,54.670017,55.420017,232200,7.848664
2002-02-11,56.25,56.25,54.55002,54.910023,131400,7.776438
2002-02-08,53.820002,56.179979,53.509981,55.93998,711600,7.922302
2002-02-07,54.00,54.449999,53.850002,54.030001,234000,7.651808
2002-02-06,54.379978,55.000019,53.749981,54.449999,951600,7.711289
2002-02-05,54.670017,54.880022,54.349977,54.600002,110400,7.732533
2002-02-04,54.94998,55.30002,54.400023,54.889978,151800,7.773599
2002-02-01,54.409979,55.750019,54.409979,55.489981,163200,7.858573
2002-01-31,56.100002,56.100002,54.00,54.529982,1165200,7.722616
2002-01-30,54.24,55.999981,53.950018,55.480019,219000,7.857162
2002-01-29,54.97998,55.000019,54.100021,54.259981,150600,7.684378
2002-01-28,55.600021,55.999981,53.899979,54.970018,150600,7.784935
2002-01-25,54.799982,55.080002,53.899979,54.419998,172200,7.70704
2002-01-24,53.899979,55.900023,53.899979,54.499981,225000,7.718367
2002-01-23,55.110003,55.579983,53.500019,54.570002,208200,7.728284
2002-01-22,56.740019,56.850002,55.169998,55.750019,214200,7.8954
2002-01-18,57.00,57.449999,55.870022,56.500019,132000,8.001616
2002-01-17,56.80002,57.499981,56.419979,57.04002,121200,8.078092
2002-01-16,58.429979,58.429979,56.25,56.899979,256200,8.058259
2002-01-15,57.250019,58.50,57.22998,58.50,120600,8.284856
2002-01-14,59.550001,59.550001,57.030001,58.789982,145200,8.325924
2002-01-11,58.93998,59.089977,58.469999,59.05002,184200,8.362751
2002-01-10,58.249981,60.070021,58.000019,58.98,129600,8.352834
2002-01-09,59.569983,60.600002,58.249981,58.249981,304800,8.249448
2002-01-08,61.649998,62.550001,59.129997,59.749981,364800,8.46188
2002-01-07,61.519981,62.44998,60.769981,61.21998,343800,8.670064
2002-01-04,59.56002,62.399998,59.56002,61.800001,235800,8.752207
2002-01-03,60.250019,60.659998,58.860003,60.360003,250800,8.548272
2002-01-02,58.279982,60.899998,57.700018,60.679979,333000,8.593588
2001-12-31,57.739981,59.089977,57.190018,58.249981,220800,8.249448
2001-12-28,58.18998,58.889997,55.830002,57.43998,404400,8.134734
2001-12-27,58.69998,59.119978,58.159979,58.800001,157800,8.327343
2001-12-26,59.100002,59.25,58.23,58.949999,256800,8.348586
2001-12-24,58.999981,59.25,58.339977,58.600021,207600,8.299021
2001-12-21,58.360022,59.68998,56.850002,59.070002,1572000,8.36558
2001-12-20,58.000019,59.68998,57.00,57.400023,332400,8.129076
2001-12-19,59.550001,59.820002,57.739981,58.379997,252000,8.267861
2001-12-18,56.749981,60.100021,55.50,59.929979,388200,8.487372
2001-12-17,54.00,56.699999,54.00,56.699999,573000,8.029937
2001-12-14,54.499981,54.99,54.00,54.019981,277800,7.650389
2001-12-13,54.300001,55.309982,52.999981,52.999981,289800,7.505935
2001-12-12,54.99,56.969999,54.289982,54.300001,568200,7.690046
2001-12-11,53.620022,55.309982,53.040001,54.75,182400,7.753776
2001-12-10,55.350002,55.900023,52.330021,54.289982,483000,7.688627
2001-12-07,54.899998,56.269981,54.149998,55.879978,225600,7.913805
2001-12-06,53.509981,54.730019,53.140022,54.160023,225000,7.670222
2001-12-05,52.649998,54.529982,52.649998,54.00,384000,7.647559
2001-12-04,51.79002,52.630022,51.00,51.640022,360000,7.313336
2001-12-03,51.010019,52.009981,50.550001,51.00,270600,7.222695
2001-11-30,49.999981,52.150023,49.999981,51.619978,321000,7.310497
2001-11-29,50.219999,50.650023,49.949999,50.650023,392400,7.173131
2001-11-28,50.029982,50.550001,49.549982,50.47998,204000,7.149049
2001-11-27,48.04002,51.00,47.779979,49.999981,750600,7.081071
2001-11-26,49.050001,49.050001,47.500019,47.969999,187800,6.793582
2001-11-23,48.160023,49.30002,48.160023,49.06002,17400,6.947952
2001-11-21,49.570021,50.170017,48.27,48.27,159000,6.836068
2001-11-20,49.949999,49.98,49.000019,49.129978,349200,6.95786
2001-11-19,49.660023,49.660023,48.619978,49.050001,109200,6.946533
2001-11-16,49.709999,49.720018,47.749981,48.659998,117600,6.8913
2001-11-15,49.750019,49.750019,48.46998,48.46998,195000,6.86439
2001-11-14,49.609978,50.200018,49.150023,49.600021,190200,6.991433
2001-11-13,50.200018,51.00,49.669979,49.679998,693000,7.002706
2001-11-12,49.199999,50.280001,48.899998,49.080002,235200,6.918133
2001-11-09,50.779982,50.779982,49.750019,49.759981,308400,7.01398
2001-11-08,48.810001,50.500019,48.799982,50.110022,506400,7.063321
2001-11-07,49.600021,49.759981,48.840002,49.50,281400,6.977335
2001-11-06,49.110003,50.500019,49.099977,50.149979,60000,7.068953
2001-11-05,51.589977,51.600002,49.21998,49.429979,519600,6.967465
2001-11-02,48.319983,50.429998,46.78002,49.649998,246000,6.998478
2001-11-01,47.699999,48.700018,46.50,48.289982,393000,6.806775
2001-10-31,48.75,49.639978,47.149979,47.160001,675000,6.647497
2001-10-30,49.800001,50.419979,48.48,48.679979,543000,6.861747
2001-10-29,51.829983,52.480019,49.199999,50.02002,212400,7.050635
2001-10-26,51.130022,52.750019,51.120003,51.959999,385800,7.324087
2001-10-25,51.940018,53.539982,49.27002,52.26,287400,7.366374
2001-10-24,54.780001,54.780001,52.050001,52.339977,403200,7.377647
2001-10-23,55.900023,55.900023,54.820021,54.820021,184200,7.727225
2001-10-22,55.06002,55.800001,54.730019,55.789982,76200,7.863947
2001-10-19,54.190018,56.159998,54.149998,55.759981,219600,7.859718
2001-10-18,54.589977,54.589977,53.80002,54.120003,250200,7.628553
2001-10-17,56.359978,56.359978,54.049982,54.400023,343200,7.668023
2001-10-16,56.669998,56.669998,55.900023,56.179979,253800,7.918919
2001-10-15,56.310001,56.809982,55.50,56.599977,420000,7.978121
2001-10-12,55.750019,57.27,54.940018,56.80002,446400,8.006318
2001-10-11,57.659998,59.299982,57.00,58.999981,262800,8.316416
2001-10-10,55.249981,57.659998,54.899998,57.250019,305400,8.069748
2001-10-09,56.550001,57.00,54.55002,55.000019,175800,7.752597
2001-10-08,56.189999,56.189999,53.850002,55.18998,211800,7.779373
2001-10-05,54.109978,56.350021,52.350002,55.560001,213600,7.83153
2001-10-04,59.590021,59.950018,53.200018,55.549982,601800,7.830117
2001-10-03,55.129978,58.999981,53.929979,58.999981,755400,8.316416
2001-10-02,49.279982,53.500019,49.000019,53.399998,600000,7.527064
2001-10-01,48.010019,49.579983,47.029979,49.000019,525000,6.906859
2001-09-28,50.02002,50.299982,47.500019,48.449999,478200,6.82933
2001-09-27,49.330021,49.489981,46.69998,48.250019,107400,6.801142
2001-09-26,49.949999,50.149979,48.300001,49.249981,516600,6.942093
2001-09-25,49.399979,52.009981,46.14,49.800001,436800,7.019622
2001-09-24,49.000019,51.250019,47.25,49.320002,318000,6.951963
2001-09-21,43.510019,48.499981,42.610019,48.00,861000,6.7659
2001-09-20,46.000019,51.010019,42.060001,46.650001,650400,6.575609
2001-09-19,61.45998,61.45998,45.51,46.949999,1232400,6.617896
2001-09-18,65.77002,67.000019,59.850002,60.70998,432600,8.557451
2001-09-17,73.789982,73.800001,65.620022,65.620022,1563600,9.249552
2001-09-10,72.019981,73.900023,72.019981,73.489981,465000,10.358872
2001-09-07,72.259981,72.919979,71.80002,72.289982,215400,10.189725
2001-09-06,72.670017,73.530001,71.879997,72.259981,127200,10.185496
2001-09-05,71.820002,73.750019,71.820002,72.419998,155400,10.208052
2001-09-04,71.749981,73.000019,70.949999,72.139978,181800,10.168581
2001-08-31,72.99,73.000019,71.410023,71.950018,183000,10.141805
2001-08-30,72.019981,72.449999,69.049982,71.500019,136200,10.078375
2001-08-29,70.590002,71.989981,70.50,70.960018,148800,10.002258
2001-08-28,74.989981,75.00,70.750019,71.02002,118200,10.010716
2001-08-27,73.900023,74.49,73.709999,73.800001,237000,10.402572
2001-08-24,73.549982,74.500019,73.26,73.98,117000,10.427944
2001-08-23,72.910023,73.800001,72.449999,73.450018,523800,10.353239
2001-08-22,73.150023,73.590002,72.75,73.469999,179400,10.356056
2001-08-21,72.99,73.949999,72.810001,73.429979,186600,10.350415
2001-08-20,72.460018,72.460018,70.530001,72.319983,84600,10.193954
2001-08-17,72.780001,72.780001,70.999981,71.380022,135000,10.06146
2001-08-16,72.799982,73.369978,71.950018,72.010019,114000,10.117422
2001-08-15,73.18998,74.100002,71.620022,72.799982,204600,10.228412
2001-08-14,72.580021,74.890022,72.250019,72.649979,220800,10.207336
2001-08-13,75.28002,76.279982,72.460018,74.299982,539400,10.439162
2001-08-10,71.299982,75.600002,70.949999,75.319983,831000,10.582472
2001-08-09,71.25,71.80002,70.879978,70.999981,586800,9.975511
2001-08-08,75.19998,75.640022,70.379997,70.999981,438000,9.975511
2001-08-07,77.860022,78.00,73.549982,76.06002,370200,10.686448
2001-08-06,78.840002,80.389978,77.53002,77.939999,409200,10.950585
2001-08-03,76.990019,79.000019,76.510019,78.540001,268200,11.034886
2001-08-02,73.999981,77.740019,73.999981,77.399998,145200,10.874715
2001-08-01,73.399979,77.76,73.150023,75.580021,508200,10.619008
2001-07-31,74.749981,76.960018,73.18998,73.390022,581400,10.311313
2001-07-30,71.01,75.760019,70.999981,73.96998,553800,10.392797
2001-07-27,71.920017,73.750019,71.749981,72.499981,397200,10.186262
2001-07-26,73.350002,74.399998,72.360003,73.679998,256200,10.352054
2001-07-25,73.279982,75.600002,71.500019,73.69998,878400,10.354862
2001-07-24,75.51,76.530001,72.00,73.399979,616800,10.312712
2001-07-23,78.130022,79.249981,74.669998,76.360022,330600,10.728598
2001-07-20,81.049982,81.400023,78.019981,79.000019,597600,11.099518
2001-07-19,81.659998,82.960018,81.019981,81.499981,503400,11.450763
2001-07-18,81.880022,82.06002,79.999981,81.00,264000,11.380516
2001-07-17,85.50,85.690018,82.000019,82.249981,333600,11.556139
2001-07-16,85.50,86.850002,84.499981,85.309982,433800,11.986069
2001-07-13,84.010019,85.900023,84.010019,85.050001,246600,11.949542
2001-07-12,83.200018,84.840002,83.080021,84.840002,298200,11.920037
2001-07-11,83.299982,83.980019,81.940018,82.590002,253200,11.603912
2001-07-10,82.830002,83.44998,82.50,82.900023,480000,11.64747
2001-07-09,83.080021,83.49,81.349977,82.330021,153600,11.567384
2001-07-06,81.160023,83.059982,80.200018,81.370022,191400,11.432504
2001-07-05,83.230019,83.809982,81.75,83.089977,502800,11.674158
2001-07-03,80.170017,83.100002,80.159998,82.999981,222600,11.661514
2001-07-02,83.950018,85.50,81.499981,82.489981,550800,11.589859
2001-06-29,83.200018,85.849977,82.249981,84.349977,422400,11.851189
2001-06-28,82.840021,84.99,81.049982,84.99,238800,11.941112
2001-06-27,81.449999,82.909979,81.060001,81.859978,196200,11.501343
2001-06-26,79.98,82.000019,79.469999,81.28002,679800,11.419859
2001-06-25,82.50,82.660023,79.96998,80.200018,534600,11.268118
2001-06-22,82.50,83.899979,81.559982,82.099977,728400,11.535063
2001-06-21,80.68998,83.080021,80.68998,82.649998,600600,11.612341
2001-06-20,80.590021,84.100021,80.590021,81.970018,566400,11.516804
2001-06-19,79.009981,82.78002,79.009981,82.750019,928200,11.626394
2001-06-18,74.299982,77.699999,73.000019,77.699999,796200,10.916865
2001-06-15,81.700018,82.000019,73.999981,75.349977,1833600,10.586687
2001-06-14,83.590021,85.639978,82.000019,82.009981,460200,11.522419
2001-06-13,86.599977,86.599977,84.499981,85.06002,264600,11.95095
2001-06-12,86.500019,87.250019,85.600021,85.949999,372600,12.075992
2001-06-11,88.54002,89.699999,87.100021,87.24,600000,12.257237
2001-06-08,89.740019,89.899979,87.300001,89.639997,5144400,12.594437
2001-06-07,85.009981,91.000019,85.009981,87.910023,934200,12.351376
2001-06-06,84.490019,89.749981,81.559982,84.799982,865200,11.914414
2001-06-05,80.989981,86.749981,80.929979,82.93998,735600,11.653084
2001-06-04,81.490019,81.899998,79.999981,80.500019,1054800,11.310269
2001-06-01,79.74,81.379978,78.739981,80.890022,1438800,11.365064
2001-05-31,76.050001,80.110022,75.19998,75.679979,652200,10.633052
2001-05-30,77.680017,78.610022,76.510019,77.820002,609600,10.933726
2001-05-29,75.719999,77.839977,75.19998,77.749981,315000,10.923888
2001-05-25,76.840021,76.840021,73.600021,75.79002,397200,10.648513
2001-05-24,74.71998,77.459999,74.509981,76.840021,699600,10.796038
2001-05-23,76.099977,76.399979,74.899979,75.160023,181800,10.559998
2001-05-22,78.060001,78.349977,75.499981,76.750019,907200,10.783393
2001-05-21,74.509981,78.430017,74.05002,77.269981,1070400,10.856448
2001-05-18,73.660023,75.149998,73.600021,74.599977,476400,10.481312
2001-05-17,73.999981,75.149998,72.799982,73.660023,554400,10.349248
2001-05-16,72.499981,76.090021,72.499981,73.889997,1461600,10.381559
2001-05-15,71.68998,73.099977,71.260019,73.000019,755400,10.223783
2001-05-14,70.03002,72.00,70.03002,71.80002,275400,10.055722
2001-05-11,71.070002,71.200018,68.49,69.880022,286200,9.786822
2001-05-10,71.909998,72.100021,70.999981,71.899979,527400,10.069721
2001-05-09,70.249981,72.490019,70.249981,72.00,381600,10.083729
2001-05-08,70.510019,70.999981,70.50,70.660023,141600,9.896063
2001-05-07,70.009981,71.01,70.000019,70.900023,477000,9.929675
2001-05-04,67.990019,72.250019,67.849977,71.639997,726000,10.03331
2001-05-03,68.969999,70.000019,68.969999,69.910023,343200,9.791024
2001-05-02,68.539982,71.44998,68.539982,71.389978,427200,9.998294
2001-05-01,64.999981,69.499981,63.79002,68.950018,1018800,9.656574
2001-04-30,67.909979,69.499981,65.320021,65.509981,826800,9.17479
2001-04-27,68.149979,68.189999,65.749981,67.150023,616200,9.404481
2001-04-26,67.150023,69.220018,66.850021,69.220018,591600,9.694388
2001-04-25,64.750019,67.999981,64.180017,67.199999,1304400,9.41148
2001-04-24,64.600021,65.389978,63.499981,65.040001,423000,9.108969
2001-04-23,62.200018,66.00,61.249981,65.05002,478800,9.110372
2001-04-20,55.900023,61.999981,55.900023,61.999981,1035600,8.683208
2001-04-19,52.50,55.649998,52.50,55.110003,313200,7.718255
2001-04-18,52.290001,54.490019,52.050001,52.999981,145800,7.422742
2001-04-17,52.379997,52.840021,51.370022,52.840021,264600,7.40034
2001-04-16,51.250019,51.840002,51.00,51.24,105000,7.176254
2001-04-12,51.259981,52.69998,51.259981,52.009981,43200,7.284091
2001-04-11,51.499981,52.000019,51.499981,52.000019,315600,7.282696
2001-04-10,49.81002,51.490019,49.81002,51.04002,144000,7.148246
2001-04-09,51.00,51.300001,50.219999,50.989981,156000,7.141238
2001-04-06,50.625,50.937481,49.249981,49.249981,145200,6.897548
2001-04-05,50.0625,51.499981,50.0625,51.499981,66000,7.212665
2001-04-04,50.25,51.250019,49.062481,49.999981,250800,7.002587
2001-04-03,50.875019,51.00,49.000019,50.25,100800,7.037603
2001-04-02,50.500019,51.250019,50.4375,51.1875,177000,7.168901
2001-03-30,50.125019,51.499981,50.125019,51.375,255600,7.195161
2001-03-29,49.125,50.875019,49.125,50.0625,96000,7.011343
2001-03-28,49.265642,49.750019,49.265642,49.50,235200,6.932564
2001-03-27,49.6875,49.999981,49.125,49.937519,176400,6.993839
2001-03-26,48.437519,49.875,47.89062,49.437481,137400,6.923808
2001-03-23,47.265601,49.437481,47.265601,48.5625,45600,6.801265
2001-03-22,49.624981,49.624981,47.0625,48.00,178200,6.722486
2001-03-21,49.984383,50.687519,49.015617,49.015617,112800,6.864725
2001-03-20,51.375,51.375,50.125019,50.749981,169200,7.107626
2001-03-19,50.343721,51.437519,50.343721,50.562481,196800,7.081366
2001-03-16,53.187481,53.562481,49.999981,50.25,130800,7.037603
2001-03-15,52.875,52.937519,51.75,51.75,49200,7.24768
2001-03-14,54.359402,54.375,51.75,51.812519,87000,7.256436
2001-03-13,54.75,54.874981,53.625,54.375,98400,7.615316
2001-03-12,55.50,55.50,54.437519,54.812519,114600,7.676592
2001-03-09,55.000019,55.125,54.499981,55.125,141600,7.720355
2001-03-08,55.000019,55.50,55.000019,55.000019,270000,7.702851
2001-03-07,54.9375,55.125,54.453117,55.000019,146400,7.702851
2001-03-06,55.000019,55.000019,54.250019,54.874981,48000,7.685339
2001-03-05,54.625019,55.125,54.625019,54.874981,67800,7.685339
2001-03-02,54.00,55.249981,54.00,54.375,242400,7.615316
2001-03-01,55.249981,55.937519,53.937481,54.00,171600,7.562797
2001-02-28,55.249981,55.937519,54.625019,55.937519,92400,7.83415
2001-02-27,56.734383,56.8125,55.375019,55.375019,209400,7.755371
2001-02-26,53.890617,56.562481,53.890617,56.374981,142200,7.895417
2001-02-23,55.000019,55.000019,53.125019,54.499981,187200,7.63282
2001-02-22,56.500019,56.937481,54.75,56.25,99600,7.877913
2001-02-21,56.953142,57.625019,55.50,57.109383,151800,7.998271
2001-02-20,57.734402,57.734402,56.875019,57.5625,981000,8.061731
2001-02-16,55.968721,57.625019,55.937519,57.250019,477000,8.017968
2001-02-15,55.484402,56.749981,53.625,56.687519,509400,7.939189
2001-02-14,54.921902,55.000019,53.4375,55.000019,376800,7.702851
2001-02-13,55.249981,55.249981,53.0625,53.562481,120600,7.501521
2001-02-12,53.906279,55.249981,52.750019,55.249981,190800,7.70523
2001-02-09,54.312481,55.125,54.312481,54.75,507600,7.635502
2001-02-08,53.312519,54.75,52.249981,54.75,553200,7.635502
2001-02-07,51.250019,54.375,51.062519,53.875019,417600,7.513476
2001-02-06,51.00,51.312481,51.00,51.124981,52200,7.129952
2001-02-05,50.500019,51.124981,50.125019,50.875019,25200,7.095092
2001-02-02,49.437481,49.999981,48.625019,49.6875,141000,6.929479
2001-02-01,49.031279,49.031279,47.749981,49.000019,106200,6.833602
2001-01-31,50.374981,50.562481,48.75,48.75,190200,6.798734
2001-01-30,50.4375,51.124981,49.999981,50.187481,158400,6.999207
2001-01-29,49.937519,50.875019,49.375019,50.187481,226800,6.999207
2001-01-26,50.625,50.625,49.375019,49.750019,58200,6.938198
2001-01-25,51.00,51.00,49.750019,50.25,57600,7.007926
2001-01-24,50.749981,51.75,49.999981,51.250019,444000,7.14739
2001-01-23,48.03126,51.75,48.03126,51.00,678000,7.112522
2001-01-22,47.765639,49.000019,46.562519,48.499981,286200,6.763866
2001-01-19,47.875019,47.875019,46.062481,46.50,193800,6.484947
2001-01-18,47.625,47.937481,46.750019,47.374981,182400,6.606973
2001-01-17,43.999981,48.00,43.265639,48.00,196200,6.694139
2001-01-16,43.750019,44.875019,43.125,44.875019,520800,6.258325
2001-01-12,43.000019,43.750019,43.000019,43.125,22800,6.014265
2001-01-11,42.499981,43.249981,40.624981,42.75,27000,5.961967
2001-01-10,41.687519,42.734399,41.687519,42.437519,75600,5.918388
2001-01-09,40.750019,41.749981,40.750019,41.500019,201600,5.787643
2001-01-08,42.1875,42.9375,40.000019,40.187519,41400,5.6046
2001-01-05,43.125,43.125,42.124981,42.312481,210600,5.90095
2001-01-04,42.499981,43.624981,42.499981,43.062481,172800,6.005546
2001-01-03,42.874981,43.562519,42.499981,42.796861,280200,5.968502
2001-01-02,44.625,44.625,42.124981,42.312481,246600,5.90095
2000-12-29,43.999981,45.499981,43.249981,44.749981,190200,6.240887
2000-12-28,43.249981,44.25,43.125,44.25,150000,6.171159
2000-12-27,43.000019,43.937519,42.874981,43.937519,190800,6.12758
2000-12-26,43.062481,43.437481,42.874981,43.187519,119400,6.022984
2000-12-22,42.00,43.125,41.374981,43.125,230400,6.014265
2000-12-21,40.50,42.00,40.000019,42.00,87000,5.857371
2000-12-20,40.187519,40.187519,39.499981,40.125,175200,5.595881
2000-12-19,38.374981,41.500019,38.374981,40.812481,253800,5.691758
2000-12-18,39.375,39.375,38.875019,39.00,269400,5.438988
2000-12-15,39.5625,39.5625,38.875019,39.062519,456600,5.447707
2000-12-14,39.64062,39.9375,39.437519,39.687481,11400,5.534864
2000-12-13,39.75,40.062481,39.375,40.062481,100200,5.587162
2000-12-12,39.375,39.625019,38.500019,39.625019,167400,5.526153
2000-12-11,39.250019,40.249981,39.250019,39.625019,138000,5.526153
2000-12-08,38.875019,39.625019,38.875019,39.375,250800,5.491286
2000-12-07,38.765639,39.812519,38.749981,39.499981,55800,5.508716
2000-12-06,40.062481,40.50,39.00,39.312481,243600,5.482567
2000-12-05,39.359399,41.749981,37.750019,40.000019,126000,5.578451
2000-12-04,37.249981,38.0625,37.249981,37.50,346200,5.229796
2000-12-01,38.500019,38.500019,37.375019,38.25,131400,5.334392
2000-11-30,38.015639,38.125019,35.749981,37.812481,267000,5.273375
2000-11-29,39.124981,39.85938,37.999981,38.8125,199200,5.412839
2000-11-28,40.375019,41.500019,38.749981,38.749981,486600,5.40412
2000-11-27,40.624981,40.624981,39.375,39.75,304800,5.543583
2000-11-24,40.875,41.125019,40.750019,40.875,174000,5.700477
2000-11-22,41.78124,42.00,40.812481,40.875,347400,5.700477
2000-11-21,40.999981,42.625019,40.624981,41.8125,480600,5.831222
2000-11-20,42.250019,43.187519,42.250019,42.874981,502800,5.979397
2000-11-17,43.50,43.50,42.75,43.000019,267600,5.996835
2000-11-16,42.1875,43.50,42.1875,42.874981,306600,5.979397
2000-11-15,40.875,42.625019,40.875,41.875019,649800,5.839941
2000-11-14,40.000019,40.875,39.874981,40.624981,305400,5.633118
2000-11-13,40.01562,40.375019,37.50,39.75,192000,5.511792
2000-11-10,40.624981,40.937519,40.000019,40.375019,49200,5.598458
2000-11-09,40.999981,42.5625,40.3125,40.437481,543000,5.607119
2000-11-08,40.000019,40.999981,40.000019,40.875,398400,5.667786
2000-11-07,39.75,40.249981,37.000019,39.75,496800,5.511792
2000-11-06,41.875019,42.00,39.499981,40.562519,858600,5.624457
2000-11-03,43.999981,43.999981,39.00,42.00,455400,5.82378
2000-11-02,44.374981,44.749981,43.999981,44.609399,133800,6.185603
2000-11-01,43.999981,45.375,43.999981,44.4375,236400,6.161767
2000-10-31,44.749981,45.250019,43.999981,44.78124,340800,6.209431
2000-10-30,45.015601,46.000019,44.749981,44.749981,70800,6.205096
2000-10-27,46.000019,46.249981,45.00,45.468721,57000,6.304758
2000-10-26,46.624981,46.937519,44.562481,46.000019,55800,6.378428
2000-10-25,46.3125,47.25,45.874981,46.437481,240000,6.439087
2000-10-24,46.875,47.125019,46.3125,47.0625,180600,6.525753
2000-10-23,46.98438,47.125019,46.249981,46.375019,139200,6.430426
2000-10-20,46.000019,46.999981,46.000019,46.750019,283200,6.482424
2000-10-19,47.749981,47.749981,46.000019,46.218721,352800,6.408754
2000-10-18,45.124981,48.250019,43.249981,46.999981,259800,6.517084
2000-10-17,47.125019,47.500019,43.6875,45.21876,216600,6.270098
2000-10-16,47.125019,49.000019,46.875,47.562481,244200,6.595081
2000-10-13,43.50,47.500019,43.50,47.500019,399600,6.58642
2000-10-12,43.875,43.999981,42.124981,43.375019,331200,6.014442
2000-10-11,41.500019,43.999981,41.500019,43.999981,415800,6.1011
2000-10-10,43.750019,43.750019,41.749981,42.124981,90600,5.84111
2000-10-09,41.51562,43.50,41.500019,43.062481,86400,5.971105
2000-10-06,44.4375,44.500019,40.57812,41.625,211800,5.771782
2000-10-05,43.375019,44.125019,43.375019,44.125019,135000,6.118438
2000-10-04,43.375019,44.25,43.375019,43.750019,291600,6.06644
2000-10-03,44.500019,44.562481,43.750019,44.265601,201600,6.137931
2000-10-02,44.4375,44.875019,43.812481,44.374981,768000,6.153098
2000-09-29,43.125,44.937481,43.125,44.562481,645000,6.179097
2000-09-28,43.624981,43.750019,43.375019,43.562519,569400,6.040441
2000-09-27,43.218721,43.875,43.062481,43.437481,257400,6.023103
2000-09-26,43.000019,43.50,42.625019,43.34376,224400,6.010107
2000-09-25,42.75,43.3125,42.00,43.125,281400,5.979774
2000-09-22,41.374981,42.75,41.125019,42.625019,237600,5.910446
2000-09-21,41.25,42.625019,41.25,42.312481,613200,5.867109
2000-09-20,42.375,42.499981,41.374981,41.500019,301800,5.754452
2000-09-19,42.874981,42.874981,41.625,42.15624,180000,5.845444
2000-09-18,42.062519,42.874981,42.062519,42.499981,154200,5.893108
2000-09-15,42.812519,43.000019,42.00,42.00,446400,5.82378
2000-09-14,42.625019,43.249981,42.437519,43.000019,658800,5.962444
2000-09-13,42.00,42.625019,41.749981,42.375,500400,5.875778
2000-09-12,41.25,42.375,40.999981,41.625,511800,5.771782
2000-09-11,40.999981,42.00,40.750019,41.500019,322200,5.754452
2000-09-08,43.812481,43.999981,40.750019,41.625,529200,5.771782
2000-09-07,42.499981,45.00,42.250019,44.25,655800,6.135768
2000-09-06,42.375,44.125019,42.00,43.750019,504600,6.06644
2000-09-05,40.968721,42.874981,39.9375,42.874981,357000,5.945106
2000-09-01,39.375,41.125019,39.00,41.125019,507600,5.702454
2000-08-31,37.000019,40.875,36.874981,39.625019,526800,5.494462
2000-08-30,34.999981,37.50,34.875,37.375019,372000,5.182473
2000-08-29,33.499981,34.999981,33.499981,34.999981,465000,4.853147
2000-08-28,33.499981,33.499981,33.124981,33.250019,156000,4.610495
2000-08-25,32.749981,33.124981,32.749981,33.124981,96600,4.593157
2000-08-24,31.875,32.500019,31.875,32.187481,151200,4.463162
2000-08-23,31.50,33.00,31.50,32.875019,191400,4.558497
2000-08-22,31.437481,31.624981,31.249981,31.624981,27600,4.385165
2000-08-21,31.000019,31.50,31.000019,31.437481,664800,4.359166
2000-08-18,31.50,31.562519,31.000019,31.187519,60600,4.324506
2000-08-17,31.437481,31.562519,31.125,31.50,94800,4.367835
2000-08-16,31.375019,31.875,31.375019,31.562519,9600,4.376504
2000-08-15,30.9375,31.437481,30.9375,31.249981,5400,4.300861
2000-08-14,31.249981,31.249981,30.499981,31.249981,72000,4.300861
2000-08-11,30.625019,31.000019,30.5625,31.000019,67200,4.26646
2000-08-10,31.000019,31.062481,29.749981,30.499981,77400,4.197641
2000-08-09,30.874981,30.890639,30.499981,30.499981,42000,4.197641
2000-08-08,31.187519,31.187519,31.000019,31.000019,69600,4.26646
2000-08-07,31.750019,32.625,30.625019,30.874981,48000,4.249251
2000-08-04,33.75,33.75,31.999981,32.25,116400,4.438492
2000-08-03,33.00,34.000019,32.875019,34.000019,100200,4.679343
2000-08-02,31.875,33.00,31.875,33.00,50400,4.541712
2000-08-01,33.124981,33.250019,32.125019,33.00,457800,4.541712
2000-07-31,30.00,33.00,30.00,33.00,270000,4.541712
2000-07-28,30.874981,31.999981,30.874981,31.375019,83400,4.31807
2000-07-27,30.00,31.50,30.00,31.50,130200,4.335271
2000-07-26,29.500019,30.75,29.4375,30.75,108600,4.23205
2000-07-25,30.499981,30.75,29.749981,30.250019,125400,4.163239
2000-07-24,28.50,31.000019,28.46874,30.75,114600,4.23205
2000-07-21,28.249981,29.500019,28.249981,28.937519,116400,3.982603
2000-07-20,28.000019,28.375019,27.812519,27.812519,27600,3.827772
2000-07-19,27.5625,27.874981,27.375,27.687481,60000,3.810563
2000-07-18,27.375,27.625019,26.875019,27.250019,98400,3.750356
2000-07-17,27.375,28.999981,27.375,28.812481,64200,3.965394
2000-07-14,28.624981,28.624981,27.375,27.375,60000,3.767557
2000-07-13,29.125019,29.875019,28.50,28.50,90600,3.922388
2000-07-12,31.125,31.125,28.50,29.875019,247800,4.111629
2000-07-11,31.50,31.50,31.125,31.125,141600,4.283661
2000-07-10,30.874981,31.50,30.312481,31.50,289200,4.335271
2000-07-07,30.00,31.000019,29.73438,30.9375,162000,4.257855
2000-07-06,28.999981,30.250019,28.999981,30.250019,261600,4.163239
2000-07-05,27.375,29.25,27.375,29.25,181200,4.025609
2000-07-03,27.90624,28.249981,27.90624,28.249981,4800,3.887979
2000-06-30,26.500019,28.50,26.500019,28.3125,339600,3.896583
2000-06-29,25.750019,27.124981,25.750019,27.124981,115800,3.733147
2000-06-28,25.000019,26.749981,25.000019,25.999981,138600,3.578316
2000-06-27,25.375019,25.50,25.000019,25.249981,116400,3.475096
2000-06-26,25.50,25.50,24.9375,25.000019,42600,3.440694
2000-06-23,24.90624,25.375019,24.90624,25.000019,118800,3.440694
2000-06-22,24.874981,25.437481,24.874981,25.375019,122400,3.492304
2000-06-21,25.375019,25.375019,24.9375,25.000019,221400,3.440694
2000-06-20,24.874981,25.01562,24.874981,24.9375,161400,3.43209
2000-06-19,25.000019,25.437481,25.000019,25.437481,12000,3.500901
2000-06-16,25.3125,25.437481,25.3125,25.375019,83400,3.492304
2000-06-15,25.062481,25.15626,24.9375,25.000019,132000,3.440694
2000-06-14,24.96876,25.375019,24.874981,24.9375,167400,3.43209
2000-06-13,24.874981,25.187519,24.874981,25.187519,146400,3.466499
2000-06-12,24.9375,25.062481,24.874981,24.874981,18000,3.423485
2000-06-09,24.687481,25.031279,24.687481,25.031279,51000,3.444996
2000-06-08,24.625019,25.000019,24.625019,24.812519,343800,3.414889
2000-06-07,24.21876,24.375,24.062519,24.062519,76200,3.311668
2000-06-06,24.250019,24.312481,24.1875,24.312481,75600,3.34607
2000-06-05,24.250019,24.499981,24.250019,24.375,213000,3.354674
2000-06-02,24.250019,24.375,24.250019,24.312481,47400,3.34607
2000-06-01,24.437519,24.499981,24.250019,24.312481,191400,3.34607
2000-05-31,24.312481,24.375,24.312481,24.375,204600,3.354674
2000-05-30,24.375,24.375,24.375,24.375,3600,3.354674
2000-05-26,24.250019,24.375,24.250019,24.250019,12600,3.337473
2000-05-25,24.625019,24.874981,24.250019,24.250019,28800,3.337473
2000-05-24,24.00,24.90624,24.00,24.874981,165600,3.423485
2000-05-23,24.437519,24.437519,24.00,24.00,111600,3.303064
2000-05-22,24.250019,24.375,24.00,24.312481,147000,3.34607
2000-05-19,24.00,24.437519,23.875021,24.250019,37800,3.337473
2000-05-18,24.437519,24.437519,24.00,24.375,20400,3.354674
2000-05-17,24.00,24.499981,23.937479,24.312481,243600,3.34607
2000-05-16,24.124981,24.499981,24.062519,24.375,171000,3.354674
2000-05-15,23.562479,24.124981,23.562479,23.937479,19800,3.294459
2000-05-12,23.500021,23.875021,23.500021,23.687521,207000,3.260058
2000-05-11,23.25,23.749979,23.25,23.687521,20400,3.260058
2000-05-10,23.625,23.625,23.25,23.374979,14400,3.184979
2000-05-09,23.374979,24.375,22.999979,23.749979,118200,3.236075
2000-05-08,22.999979,23.187479,22.750021,23.187479,9600,3.159431
2000-05-05,22.750021,23.25,22.750021,23.187479,44400,3.159431
2000-05-04,22.999979,23.749979,22.999979,23.749979,11400,3.236075
2000-05-03,23.25,24.00,22.750021,23.687521,204000,3.227565
2000-05-02,22.750021,23.374979,22.750021,22.750021,46800,3.099825
2000-05-01,22.187521,23.374979,22.125,23.187479,60600,3.159431
2000-04-28,22.000021,22.187521,22.000021,22.062479,87600,3.006143
2000-04-27,21.874979,22.375021,21.874979,22.09374,59400,3.010403
2000-04-26,22.375021,22.375021,21.874979,22.000021,189600,2.997633
2000-04-25,22.000021,22.249979,21.9375,22.187521,306600,3.023181
2000-04-24,22.50,22.50,22.000021,22.375021,120000,3.048729
2000-04-20,22.125,22.937521,21.75,22.249979,120000,3.031691
2000-04-19,22.750021,23.25,22.750021,22.937521,211200,3.125373
2000-04-18,22.437479,23.25,22.437479,23.125021,72600,3.150921
2000-04-17,22.999979,24.00,22.375021,22.999979,27600,3.133883
2000-04-14,23.749979,24.312481,22.999979,22.999979,18000,3.133883
2000-04-13,23.749979,24.250019,22.999979,23.875021,90000,3.253113
2000-04-12,23.25,23.749979,23.25,23.749979,51000,3.236075
2000-04-11,23.500021,23.500021,22.624979,22.999979,15000,3.133883
2000-04-10,23.187479,23.4375,22.624979,22.624979,135600,3.082787
2000-04-07,22.96872,23.25,22.96872,23.25,123600,3.16795
2000-04-06,22.999979,23.0625,22.000021,23.0625,278400,3.142402
2000-04-05,22.000021,22.999979,22.000021,22.750021,80400,3.099825
2000-04-04,22.375021,22.999979,22.3125,22.3125,52200,3.04021
2000-04-03,22.624979,22.999979,22.375021,22.50,85200,3.065758
2000-03-31,22.6875,22.999979,22.624979,22.999979,666000,3.133883
2000-03-30,22.562521,22.750021,22.375021,22.6875,124200,3.091306
2000-03-29,22.999979,22.999979,22.375021,22.562521,63000,3.074277
2000-03-28,22.50,22.750021,22.50,22.750021,135000,3.099825
2000-03-27,22.999979,22.999979,22.6875,22.999979,174000,3.133883
2000-03-24,22.999979,22.999979,22.6875,22.999979,25800,3.133883
2000-03-23,22.875,23.625,22.6875,22.6875,81000,3.091306
2000-03-22,22.6875,22.999979,22.6875,22.937521,60600,3.125373
2000-03-21,22.624979,22.812479,22.624979,22.812479,119400,3.108335
2000-03-20,22.750021,22.937521,22.562521,22.624979,43200,3.082787
2000-03-17,22.750021,22.999979,22.750021,22.812479,95400,3.108335
2000-03-16,22.750021,22.999979,22.50,22.84374,132600,3.112595
2000-03-15,22.50,23.40624,22.28124,22.999979,166800,3.133883
2000-03-14,23.374979,23.374979,22.375021,22.624979,61800,3.082787
2000-03-13,23.500021,23.875021,23.374979,23.374979,41400,3.184979
2000-03-10,23.875021,24.00,23.687521,23.875021,277800,3.253113
2000-03-09,23.625,23.749979,23.625,23.625,55200,3.219046
2000-03-08,23.125021,23.687521,23.125021,23.500021,133200,3.202017
2000-03-07,23.312521,23.500021,22.999979,23.4375,121800,3.193498
2000-03-06,24.00,24.00,22.999979,23.875021,74400,3.253113
2000-03-03,23.28126,24.00,22.999979,24.00,321000,3.270142
2000-03-02,23.500021,23.749979,23.125021,23.4375,210600,3.193498
2000-03-01,22.999979,23.500021,22.375021,23.500021,155400,3.202017
2000-02-29,22.375021,22.999979,22.375021,22.999979,59400,3.133883
2000-02-28,22.375021,22.437479,22.375021,22.39062,10200,3.050854
2000-02-25,23.25,23.25,22.375021,22.375021,32400,3.048729
2000-02-24,22.750021,22.999979,22.750021,22.937521,78000,3.125373
2000-02-23,22.750021,22.937521,22.624979,22.624979,34800,3.082787
2000-02-22,22.375021,22.937521,22.375021,22.937521,88800,3.125373
2000-02-18,22.624979,22.750021,22.375021,22.50,98400,3.065758
2000-02-17,22.624979,22.999979,21.874979,22.375021,297000,3.048729
2000-02-16,22.999979,22.999979,22.624979,22.6875,38400,3.091306
2000-02-15,22.50,23.0625,22.249979,22.999979,236400,3.133883
2000-02-14,23.125021,23.125021,22.624979,22.6875,54600,3.091306
2000-02-11,22.999979,23.500021,22.999979,23.125021,69600,3.150921
2000-02-10,23.312521,23.374979,23.25,23.25,142200,3.16795
2000-02-09,23.687521,23.749979,23.125021,23.125021,301800,3.119176
2000-02-08,23.749979,23.749979,23.125021,23.374979,270000,3.152891
2000-02-07,23.125021,23.374979,22.875,23.374979,66000,3.152891
2000-02-04,23.125021,23.374979,23.125021,23.125021,135000,3.119176
2000-02-03,22.875,23.625,22.875,23.4375,168600,3.161324
2000-02-02,23.0625,23.562479,22.750021,22.999979,43200,3.10231
2000-02-01,22.999979,23.500021,22.624979,22.750021,29400,3.068595
2000-01-31,23.500021,23.500021,23.0625,23.0625,189000,3.110743
2000-01-28,23.500021,23.500021,23.500021,23.500021,2400,3.169757
2000-01-27,22.999979,24.00,22.999979,23.500021,68400,3.169757
2000-01-26,22.999979,23.500021,22.999979,23.500021,20400,3.169757
2000-01-25,23.749979,23.749979,22.999979,22.999979,115200,3.10231
2000-01-24,23.46876,24.250019,23.125021,23.125021,162600,3.119176
2000-01-21,23.875021,23.90628,22.937521,23.484361,225600,3.167645
2000-01-20,24.062519,24.499981,23.625,23.875021,94800,3.220338
2000-01-19,24.499981,25.000019,24.00,24.00,160200,3.237196
2000-01-18,25.750019,25.812481,24.5625,24.5625,289800,3.313068
2000-01-14,25.375019,26.500019,25.375019,25.875,175200,3.490102
2000-01-13,24.75,25.750019,24.75,25.375019,29400,3.422663
2000-01-12,24.5625,25.249981,24.5625,24.874981,66000,3.355216
2000-01-11,24.75,25.000019,24.00,24.5625,78600,3.313068
2000-01-10,25.812481,25.812481,23.937479,23.937479,282000,3.228763
2000-01-07,25.50,25.812481,24.874981,25.50,83400,3.43952
2000-01-06,25.6875,25.6875,24.499981,25.437481,112200,3.431088
2000-01-05,27.124981,27.124981,24.499981,25.750019,209400,3.473244
2000-01-04,26.4375,27.00,25.999981,26.500019,133800,3.574406
2000-01-03,27.375,27.375,24.75,26.374981,153600,3.557541
1999-12-31,27.5625,27.5625,27.00,27.499981,36000,3.709284
1999-12-30,27.437519,27.625019,27.250019,27.625019,32400,3.72615
1999-12-29,27.00,27.499981,27.00,27.250019,84600,3.675569
1999-12-28,27.499981,27.499981,26.749981,26.749981,55200,3.608122
1999-12-27,27.062519,27.625019,27.062519,27.437519,419400,3.700859
1999-12-23,27.00,27.15624,26.625,27.00,139800,3.641845
1999-12-22,27.437519,27.625019,27.093721,27.093721,173400,3.654487
1999-12-21,27.375,27.375,27.124981,27.375,59400,3.692426
1999-12-20,27.687481,27.874981,27.15624,27.375,50400,3.692426
1999-12-17,27.843721,27.874981,27.687481,27.687481,83400,3.734575
1999-12-16,27.124981,28.50,27.00,27.874981,309000,3.759865
1999-12-15,27.437519,27.499981,27.250019,27.250019,112200,3.675569
1999-12-14,27.312481,27.375,27.312481,27.312481,69000,3.683994
1999-12-13,27.281279,27.437519,27.250019,27.250019,99000,3.675569
1999-12-10,27.250019,27.499981,27.1875,27.250019,133200,3.675569
1999-12-09,27.00,27.437519,27.00,27.312481,205800,3.683994
1999-12-08,27.1875,27.312481,27.062519,27.062519,68400,3.650278
1999-12-07,27.062519,27.250019,26.937481,27.1875,280200,3.667136
1999-12-06,26.687519,27.250019,26.687519,27.124981,449400,3.658703
1999-12-03,26.500019,26.749981,25.999981,26.625,163800,3.591264
1999-12-02,26.500019,26.875019,26.500019,26.500019,10800,3.574406
1999-12-01,26.25,26.687519,25.999981,26.562481,56400,3.582831
1999-11-30,26.125019,27.00,25.999981,27.00,120000,3.641845
1999-11-29,25.750019,26.749981,25.624981,26.500019,67800,3.574406
1999-11-26,25.999981,26.25,25.750019,26.25,70200,3.540683
1999-11-24,25.50,25.999981,25.50,25.999981,18000,3.506959
1999-11-23,25.750019,25.750019,25.375019,25.50,14400,3.43952
1999-11-22,26.374981,26.374981,25.375019,25.375019,19200,3.422663
1999-11-19,26.25,26.374981,26.187481,26.187481,22200,3.53225
1999-11-18,25.34376,25.999981,25.187519,25.750019,147000,3.473244
1999-11-17,25.6875,25.750019,25.000019,25.375019,190800,3.422663
1999-11-16,25.000019,25.750019,24.499981,24.499981,40800,3.304635
1999-11-15,25.249981,25.624981,24.75,24.75,96600,3.338358
1999-11-12,25.375019,25.562519,25.000019,25.000019,74400,3.372081
1999-11-11,25.750019,25.750019,25.375019,25.375019,22200,3.422663
1999-11-10,25.562519,25.999981,25.249981,25.249981,115200,3.405797
1999-11-09,25.624981,26.500019,25.624981,25.750019,55200,3.441819
1999-11-08,26.749981,26.749981,25.187519,25.187519,103800,3.366634
1999-11-05,26.500019,26.749981,25.999981,26.749981,39600,3.575477
1999-11-04,26.125019,26.749981,26.125019,26.25,45600,3.508648
1999-11-03,27.00,27.00,25.999981,26.749981,43800,3.575477
1999-11-02,26.687519,27.00,26.500019,26.749981,18000,3.575477
1999-11-01,26.875019,27.00,26.500019,26.687519,18000,3.567128
1999-10-29,26.8125,27.124981,26.500019,26.500019,85200,3.542066
1999-10-28,26.749981,26.749981,26.25,26.749981,48000,3.575477
1999-10-27,26.749981,27.00,26.625,26.625,85200,3.558771
1999-10-26,26.4375,27.00,26.4375,27.00,439200,3.608895
1999-10-25,25.624981,26.4375,25.50,26.4375,168600,3.533709
1999-10-22,25.875,25.937519,25.875,25.875,20400,3.458524
1999-10-21,25.593721,25.875,25.562519,25.812481,22200,3.450168
1999-10-20,25.3125,25.875,25.3125,25.624981,88200,3.425106
1999-10-19,25.750019,25.750019,25.3125,25.3125,26400,3.383339
1999-10-18,25.624981,25.750019,25.50,25.750019,9600,3.441819
1999-10-15,25.249981,25.875,25.249981,25.875,48600,3.458524
1999-10-14,25.249981,25.406279,25.249981,25.249981,4800,3.374982
1999-10-13,25.50,25.999981,25.50,25.624981,72600,3.425106
1999-10-12,26.0625,26.0625,25.624981,25.812481,47400,3.450168
1999-10-11,25.624981,26.03124,25.624981,25.624981,54000,3.425106
1999-10-08,25.750019,26.0625,25.750019,26.0625,21000,3.483586
1999-10-07,25.968721,26.4375,25.750019,25.750019,179400,3.441819
1999-10-06,25.28124,25.999981,25.28124,25.999981,61200,3.475229
1999-10-05,25.375019,25.375019,24.499981,25.062481,27600,3.349921
1999-10-04,24.874981,25.999981,24.874981,25.750019,121200,3.441819
1999-10-01,24.96876,24.96876,24.75,24.9375,101400,3.333215
1999-09-30,24.625019,25.000019,24.625019,24.9375,165000,3.333215
1999-09-29,24.312481,25.000019,24.062519,24.9375,109800,3.333215
1999-09-28,24.843721,24.843721,24.312481,24.687481,88200,3.299797
1999-09-27,24.499981,24.499981,24.00,24.499981,127800,3.274735
1999-09-24,24.499981,24.499981,24.250019,24.250019,1800,3.241325
1999-09-23,24.250019,24.375,24.250019,24.375,95400,3.25803
1999-09-22,24.40626,24.499981,24.250019,24.250019,79800,3.241325
1999-09-21,24.375,24.499981,24.250019,24.250019,147600,3.241325
1999-09-20,24.375,24.499981,24.375,24.375,171600,3.25803
1999-09-17,24.812519,24.812519,24.375,24.375,160800,3.25803
1999-09-16,24.687481,24.75,24.124981,24.124981,51000,3.224612
1999-09-15,24.75,24.78126,24.687481,24.687481,21000,3.299797
1999-09-14,24.874981,24.874981,24.625019,24.687481,490200,3.299797
1999-09-13,24.9375,25.000019,24.874981,24.874981,258600,3.324859
1999-09-10,24.75,25.125,24.75,24.874981,94200,3.324859
1999-09-09,25.750019,25.750019,24.75,24.874981,299400,3.324859
1999-09-08,25.000019,25.624981,24.874981,25.249981,70800,3.374982
1999-09-07,25.000019,25.000019,24.874981,25.000019,58800,3.341572
1999-09-03,25.50,25.50,25.000019,25.000019,43800,3.341572
1999-09-02,25.249981,25.249981,25.000019,25.031279,194400,3.34575
1999-09-01,25.000019,25.249981,24.75,25.000019,187800,3.341572
1999-08-31,24.75,25.000019,24.499981,24.874981,203400,3.324859
1999-08-30,25.000019,25.000019,24.625019,24.874981,122400,3.324859
1999-08-27,24.625019,24.9375,24.625019,24.9375,43200,3.333215
1999-08-26,24.625019,24.874981,24.625019,24.874981,34800,3.324859
1999-08-25,24.96876,24.96876,24.499981,24.625019,37800,3.291448
1999-08-24,24.499981,24.687481,24.250019,24.687481,85200,3.299797
1999-08-23,24.75,24.75,24.499981,24.499981,24600,3.274735
1999-08-20,24.625019,24.874981,24.625019,24.874981,42000,3.324859
1999-08-19,25.000019,25.000019,25.000019,25.000019,1200,3.341572
1999-08-18,24.625019,24.625019,24.499981,24.499981,21000,3.274735
1999-08-17,25.187519,25.187519,24.625019,25.000019,56400,3.341572
1999-08-16,24.874981,25.50,24.874981,25.50,45600,3.408401
1999-08-13,24.75,25.000019,24.499981,24.874981,33600,3.324859
1999-08-12,24.812519,24.9375,24.312481,24.687481,66600,3.299797
1999-08-11,24.250019,24.812519,24.250019,24.812519,20400,3.285369
1999-08-10,24.250019,25.000019,24.250019,24.9375,13800,3.301918
1999-08-09,24.499981,25.000019,24.499981,25.000019,18000,3.310196
1999-08-06,24.328139,24.375,24.250019,24.312481,50400,3.21916
1999-08-05,24.250019,25.000019,24.250019,25.000019,63000,3.310196
1999-08-04,24.75,24.75,24.250019,24.75,210600,3.277091
1999-08-03,24.40626,24.75,24.00,24.75,58200,3.277091
1999-08-02,24.499981,24.687481,24.124981,24.687481,36600,3.268813
1999-07-30,24.1875,24.250019,24.00,24.250019,44400,3.21089
1999-07-29,24.687481,24.687481,24.00,24.312481,24600,3.21916
1999-07-28,24.312481,24.625019,24.312481,24.375,79200,3.227438
1999-07-27,24.312481,24.499981,24.312481,24.312481,72000,3.21916
1999-07-26,24.250019,24.75,24.250019,24.375,56400,3.227438
1999-07-23,24.843721,24.874981,24.812519,24.874981,75000,3.29364
1999-07-22,25.3125,25.50,24.499981,24.874981,351000,3.29364
1999-07-21,24.499981,24.625019,24.499981,24.625019,45000,3.260543
1999-07-20,25.000019,25.062481,24.499981,25.000019,40800,3.310196
1999-07-19,25.000019,25.000019,24.75,25.000019,39600,3.310196
1999-07-16,25.000019,25.437481,24.75,25.187519,54600,3.335022
1999-07-15,25.437481,25.437481,24.75,25.249981,241800,3.343293
1999-07-14,25.562519,25.6875,25.000019,25.249981,90600,3.343293
1999-07-13,25.50,25.750019,25.50,25.6875,66000,3.401223
1999-07-12,25.999981,26.500019,25.624981,25.624981,81000,3.392945
1999-07-09,26.625,26.625,26.25,26.25,10800,3.475703
1999-07-08,26.187481,26.625,25.875,26.625,12600,3.525356
1999-07-07,25.999981,26.374981,25.750019,26.374981,26400,3.492251
1999-07-06,25.999981,26.500019,25.999981,26.500019,99000,3.508807
1999-07-02,26.125019,26.374981,25.999981,26.374981,16800,3.492251
1999-07-01,26.374981,26.4375,25.50,26.125019,36000,3.459154
1999-06-30,26.312519,26.500019,25.999981,25.999981,60600,3.442598
1999-06-29,26.4375,26.500019,26.25,26.32812,70800,3.486046
1999-06-28,26.4375,26.500019,26.25,26.500019,94800,3.508807
1999-06-25,26.500019,26.500019,26.500019,26.500019,9000,3.508807
1999-06-24,26.374981,26.500019,26.25,26.4375,53400,3.500529
1999-06-23,26.25,26.500019,26.25,26.374981,36600,3.492251
1999-06-22,26.500019,26.500019,26.4375,26.500019,15000,3.508807
1999-06-21,26.374981,26.500019,25.999981,26.500019,80400,3.508807
1999-06-18,26.46876,26.500019,25.999981,26.374981,52800,3.492251
1999-06-17,26.500019,26.500019,25.999981,26.500019,31200,3.508807
1999-06-16,26.125019,26.4375,25.999981,26.4375,45000,3.500529
1999-06-15,25.937519,26.187481,25.937519,25.999981,31200,3.442598
1999-06-14,26.187481,26.312519,25.828139,25.937519,28200,3.434328
1999-06-11,26.187481,26.625,25.999981,25.999981,133800,3.442598
1999-06-10,25.249981,26.25,25.249981,25.999981,141000,3.442598
1999-06-09,25.249981,25.750019,25.249981,25.249981,63000,3.343293
1999-06-08,25.249981,25.750019,25.125,25.50,37800,3.376397
1999-06-07,24.812519,25.50,24.812519,25.249981,94800,3.343293
1999-06-04,24.75,25.750019,24.75,25.750019,97800,3.409501
1999-06-03,25.000019,25.000019,24.687481,24.874981,4200,3.29364
1999-06-02,25.000019,25.000019,24.625019,25.000019,96000,3.310196
1999-06-01,24.96876,25.000019,24.499981,24.75,69000,3.277091
1999-05-28,25.000019,25.000019,25.000019,25.000019,15600,3.310196
1999-05-27,24.75,25.000019,24.499981,24.90624,95400,3.297779
1999-05-26,25.000019,25.000019,24.499981,25.000019,64800,3.310196
1999-05-25,24.499981,25.000019,24.499981,24.75,43800,3.277091
1999-05-24,25.000019,25.3125,24.499981,24.499981,145200,3.243987
1999-05-21,24.499981,24.75,24.499981,24.75,11400,3.277091
1999-05-20,24.874981,25.000019,24.625019,25.000019,40800,3.310196
1999-05-19,24.499981,24.78126,24.499981,24.78126,31800,3.28123
1999-05-18,24.250019,25.125,24.250019,25.125,207000,3.326744
1999-05-17,24.78126,24.874981,24.499981,24.874981,94800,3.29364
1999-05-14,24.250019,25.249981,24.250019,25.249981,320400,3.343293
1999-05-13,23.625,24.874981,23.625,24.656279,60600,3.264682
1999-05-12,24.250019,24.687481,23.500021,24.687481,175800,3.238092
1999-05-11,23.374979,24.124981,23.374979,24.00,9000,3.14792
1999-05-10,23.500021,24.00,23.500021,24.00,24600,3.14792
1999-05-07,23.687521,24.499981,23.500021,24.00,133200,3.14792
1999-05-06,23.625,24.625019,23.625,23.749979,243600,3.115126
1999-05-05,24.00,24.1875,23.687521,24.124981,108600,3.164313
1999-05-04,24.124981,24.874981,24.124981,24.375,78000,3.197106
1999-05-03,24.062519,24.499981,23.749979,24.1875,35400,3.172513
1999-04-30,24.00,24.75,24.00,24.75,174000,3.246292
1999-04-29,24.00,24.250019,23.749979,24.250019,93600,3.180713
1999-04-28,23.625,24.375,23.25,24.375,68400,3.197106
1999-04-27,22.999979,25.000019,22.999979,24.312481,125400,3.188906
1999-04-26,23.749979,24.124981,22.999979,22.999979,27600,3.016754
1999-04-23,23.500021,24.499981,23.500021,24.499981,162000,3.213499
1999-04-22,24.00,24.625019,24.00,24.00,140400,3.14792
1999-04-21,24.874981,25.000019,23.749979,24.812519,123600,3.254492
1999-04-20,24.499981,24.874981,23.625,24.00,73200,3.14792
1999-04-19,26.25,26.25,24.00,24.00,132600,3.14792
1999-04-16,27.00,27.250019,25.624981,25.624981,298200,3.361058
1999-04-15,24.499981,27.00,24.499981,26.749981,466200,3.508616
1999-04-14,22.999979,24.312481,22.999979,24.312481,144000,3.188906
1999-04-13,22.999979,23.687521,22.999979,23.312521,25200,3.057748
1999-04-12,23.78124,23.875021,23.0625,23.8125,73800,3.123327
1999-04-09,24.499981,24.499981,23.500021,23.687521,20400,3.106934
1999-04-08,24.00,24.375,22.999979,23.0625,78000,3.024954
1999-04-07,25.000019,25.000019,24.00,24.375,123000,3.197106
1999-04-06,24.499981,25.000019,24.499981,24.75,88200,3.246292
1999-04-05,23.500021,25.000019,23.500021,24.5625,60600,3.221699
1999-04-01,25.125,25.50,23.749979,23.749979,145800,3.115126
1999-03-31,23.374979,25.000019,22.50,25.000019,334200,3.279085
1999-03-30,23.687521,23.749979,23.25,23.25,69600,3.049547
1999-03-29,23.125021,23.875021,23.125021,23.687521,29400,3.106934
1999-03-26,23.625,23.875021,22.999979,23.500021,44400,3.082341
1999-03-25,23.875021,23.875021,22.999979,23.25,130200,3.049547
1999-03-24,22.750021,23.875021,22.750021,23.749979,136200,3.115126
1999-03-23,23.4375,23.4375,22.624979,22.750021,95400,2.983968
1999-03-22,23.749979,24.124981,23.500021,23.500021,35400,3.082341
1999-03-19,22.750021,24.625019,22.750021,23.625,126000,3.098733
1999-03-18,22.000021,23.749979,21.75,22.875,316800,3.000361
1999-03-17,21.625021,22.437479,21.625021,22.000021,42000,2.885596
1999-03-16,21.874979,21.874979,21.499979,21.625021,24000,2.836409
1999-03-15,22.000021,22.000021,21.499979,21.499979,30600,2.820009
1999-03-12,21.499979,22.000021,21.499979,22.000021,9000,2.885596
1999-03-11,21.874979,21.874979,21.375,21.874979,29400,2.869195
1999-03-10,21.250021,22.000021,21.250021,21.375,43200,2.803616
1999-03-09,21.499979,21.499979,21.250021,21.437521,29400,2.811816
1999-03-08,21.499979,22.249979,21.499979,22.000021,68400,2.885596
1999-03-05,21.75,22.249979,21.499979,22.249979,51600,2.918381
1999-03-04,21.250021,22.000021,21.250021,22.000021,70800,2.885596
1999-03-03,21.75,22.062479,21.312479,21.312479,66600,2.795416
1999-03-02,21.874979,22.50,21.75,21.75,183600,2.852802
1999-03-01,21.75,21.75,21.00,21.625021,74400,2.836409
1999-02-26,21.375,21.874979,21.124979,21.625021,67800,2.836409
1999-02-25,22.000021,22.000021,21.00,21.124979,104400,2.770822
1999-02-24,22.937521,23.500021,21.874979,22.062479,252000,2.893788
1999-02-23,22.000021,23.374979,21.874979,22.50,51600,2.951175
1999-02-22,22.000021,22.50,21.75,21.874979,119400,2.869195
1999-02-19,21.75,22.50,21.75,22.187521,39000,2.910189
1999-02-18,21.1875,22.50,21.1875,22.187521,134400,2.910189
1999-02-17,21.250021,21.625021,21.124979,21.1875,48000,2.779023
1999-02-16,21.250021,22.249979,21.250021,22.249979,30600,2.918381
1999-02-12,21.124979,22.000021,21.062521,21.499979,110400,2.820009
1999-02-11,21.250021,21.250021,20.500021,21.124979,88200,2.770822
1999-02-10,21.625021,21.625021,21.00,21.124979,38400,2.770822
1999-02-09,22.375021,22.750021,21.75,21.75,31200,2.852802
1999-02-08,22.999979,23.500021,22.249979,22.750021,18000,2.983968
1999-02-05,23.875021,23.875021,23.125021,23.125021,54000,3.033154
1999-02-04,24.00,24.250019,23.749979,24.062519,50400,3.15612
1999-02-03,25.000019,25.000019,24.062519,24.250019,43800,3.180713
1999-02-02,25.375019,25.375019,24.499981,25.000019,16200,3.248653
1999-02-01,25.000019,25.50,24.5625,24.625019,94200,3.199923
1999-01-29,24.499981,24.625019,24.375,24.625019,63600,3.199923
1999-01-28,24.499981,24.625019,24.499981,24.499981,24600,3.183675
1999-01-27,24.250019,24.375,23.875021,24.062519,120000,3.126829
1999-01-26,22.999979,24.375,22.999979,24.00,145800,3.118705
1999-01-25,22.249979,22.999979,22.249979,22.624979,55800,2.940026
1999-01-22,22.999979,23.25,22.249979,22.50,106800,2.923786
1999-01-21,23.25,23.500021,22.50,22.999979,113400,2.988756
1999-01-20,23.374979,23.749979,23.0625,23.25,250200,3.021245
1999-01-19,21.499979,23.749979,20.749979,23.125021,118800,3.005004
1999-01-15,20.625,21.250021,20.500021,21.00,43200,2.728866
1999-01-14,21.00,21.250021,20.625,20.625,52200,2.680137
1999-01-13,20.625,21.625021,20.625,20.625,126600,2.680137
1999-01-12,20.625,20.8125,20.625,20.625,7200,2.680137
1999-01-11,20.625,21.499979,20.625,21.250021,53400,2.761356
1999-01-08,20.500021,21.00,20.500021,20.875021,112800,2.712626
1999-01-07,21.00,21.499979,20.749979,21.499979,46200,2.793837
1999-01-06,21.499979,21.75,21.124979,21.124979,42600,2.745107
1999-01-05,22.000021,22.000021,21.499979,21.499979,30600,2.793837
1999-01-04,22.750021,22.750021,21.499979,21.75,38400,2.826326
1998-12-31,21.625021,22.50,21.250021,22.125,63600,2.875056
1998-12-30,20.749979,21.250021,20.25,21.124979,199800,2.745107
1998-12-29,20.749979,20.749979,20.25,20.500021,91200,2.663896
1998-12-28,20.500021,21.00,20.125021,20.749979,231000,2.696377
1998-12-24,20.687521,21.250021,20.625,20.749979,10200,2.696377
1998-12-23,22.000021,22.000021,20.500021,21.250021,102600,2.761356
1998-12-22,22.249979,22.249979,21.124979,21.874979,97800,2.842567
1998-12-21,22.000021,22.50,22.000021,22.000021,44400,2.858815
1998-12-18,21.812521,22.50,21.625021,22.50,95400,2.923786
1998-12-17,22.624979,22.875,21.75,21.75,81600,2.826326
1998-12-16,22.812479,22.999979,22.624979,22.999979,66600,2.988756
1998-12-15,22.750021,23.500021,22.750021,23.500021,45000,3.053734
1998-12-14,22.750021,23.500021,22.750021,23.500021,35400,3.053734
1998-12-11,22.750021,23.500021,22.750021,22.750021,30600,2.956275
1998-12-10,23.625,23.875021,22.999979,23.500021,24600,3.053734
1998-12-09,24.00,24.00,23.625,23.749979,26400,3.086215
1998-12-08,23.625,24.00,23.625,23.875021,40200,3.102464
1998-12-07,24.874981,24.874981,23.625,23.749979,219000,3.086215
1998-12-04,24.250019,25.000019,24.124981,24.874981,99000,3.232405
1998-12-03,25.249981,25.249981,24.499981,24.499981,69000,3.183675
1998-12-02,25.125,25.28124,24.874981,24.874981,661200,3.232405
1998-12-01,25.249981,25.562519,24.75,25.125,113400,3.264894
1998-11-30,24.00,25.50,24.00,25.000019,66000,3.248653
1998-11-27,24.437519,24.437519,23.749979,24.00,51000,3.118705
1998-11-25,23.625,24.375,23.374979,24.375,58800,3.167434
1998-11-24,23.125021,23.500021,22.875,23.500021,103200,3.053734
1998-11-23,22.750021,23.25,22.624979,22.624979,708600,2.940026
1998-11-20,22.125,22.875,22.000021,22.624979,467400,2.940026
1998-11-19,21.75,22.125,21.625021,22.125,322200,2.875056
1998-11-18,21.250021,21.75,21.00,21.75,23400,2.826326
1998-11-17,22.000021,22.000021,21.124979,21.250021,79800,2.761356
1998-11-16,22.000021,22.000021,21.124979,22.000021,27000,2.858815
1998-11-13,21.75,21.9375,21.124979,21.375,65400,2.777596
1998-11-12,21.75,22.000021,21.75,22.000021,14400,2.858815
1998-11-11,22.000021,22.000021,21.499979,21.625021,12600,2.810085
1998-11-10,22.000021,22.000021,21.499979,22.000021,7800,2.858815
1998-11-09,22.062479,22.062479,22.000021,22.000021,6600,2.828665
1998-11-06,22.062479,22.062479,22.000021,22.062479,106200,2.836696
1998-11-05,21.874979,22.062479,21.874979,22.000021,73200,2.828665
1998-11-04,22.000021,22.062479,21.625021,21.874979,129600,2.812588
1998-11-03,21.874979,22.000021,21.375,21.75,110400,2.796519
1998-11-02,22.000021,22.000021,21.5625,21.874979,45000,2.812588
1998-10-30,22.000021,22.000021,21.499979,22.000021,66000,2.828665
1998-10-29,21.5625,22.000021,21.5625,21.5625,30600,2.772411
1998-10-28,22.000021,22.000021,21.5625,21.874979,81000,2.812588
1998-10-27,22.000021,22.000021,21.75,22.000021,86400,2.828665
1998-10-26,21.499979,22.000021,21.499979,22.000021,14400,2.828665
1998-10-23,22.750021,22.750021,21.375,21.499979,102000,2.764372
1998-10-22,22.249979,22.750021,21.499979,22.750021,210000,2.925097
1998-10-21,21.375,22.750021,21.00,22.000021,192600,2.828665
1998-10-20,19.999979,21.375,19.999979,21.062521,249600,2.708125
1998-10-19,20.625,20.687521,20.25,20.374979,73200,2.619724
1998-10-16,19.999979,20.625,19.999979,20.625,37200,2.651871
1998-10-15,20.25,20.625,19.999979,20.625,31800,2.651871
1998-10-14,20.500021,20.749979,20.25,20.500021,29400,2.635802
1998-10-13,20.25,21.00,20.25,20.25,10800,2.603655
1998-10-12,19.999979,21.250021,19.999979,21.250021,11400,2.732233
1998-10-09,20.500021,20.875021,20.500021,20.500021,18600,2.635802
1998-10-08,20.749979,21.124979,20.749979,20.8125,103200,2.675979
1998-10-07,22.50,22.624979,21.75,21.75,72600,2.796519
1998-10-06,22.624979,22.999979,22.249979,22.999979,21000,2.957235
1998-10-05,22.3125,22.999979,22.249979,22.999979,64800,2.957235
1998-10-02,22.000021,22.750021,22.000021,22.50,28800,2.89295
1998-10-01,22.000021,22.999979,22.000021,22.50,28200,2.89295
1998-09-30,22.50,22.999979,22.249979,22.999979,75000,2.957235
1998-09-29,22.000021,22.999979,22.000021,22.125,27600,2.844734
1998-09-28,22.249979,23.374979,22.249979,22.249979,31800,2.860804
1998-09-25,22.999979,23.374979,22.249979,22.249979,69000,2.860804
1998-09-24,23.187479,23.374979,22.249979,22.999979,35400,2.957235
1998-09-23,23.25,23.25,22.999979,23.187479,12000,2.981343
1998-09-22,22.999979,23.125021,22.437479,22.999979,22200,2.957235
1998-09-21,21.9375,23.125021,21.75,22.999979,5400,2.957235
1998-09-18,23.374979,23.374979,22.000021,23.0625,67800,2.965274
1998-09-17,22.000021,22.750021,21.874979,22.249979,22800,2.860804
1998-09-16,22.50,22.750021,22.000021,22.750021,32400,2.925097
1998-09-15,21.499979,22.999979,21.499979,22.000021,24600,2.828665
1998-09-14,22.999979,23.374979,22.000021,22.000021,22800,2.828665
1998-09-11,22.624979,23.374979,22.624979,23.374979,23400,3.005451
1998-09-10,22.000021,22.624979,21.499979,22.624979,18600,2.909019
1998-09-09,22.96872,23.25,22.750021,22.750021,88200,2.925097
1998-09-08,23.500021,23.500021,22.000021,22.999979,118200,2.957235
1998-09-04,22.249979,22.750021,21.250021,22.000021,43800,2.828665
1998-09-03,22.999979,22.999979,20.500021,22.000021,37800,2.828665
1998-09-02,23.500021,23.500021,23.125021,23.125021,48000,2.973313
1998-09-01,23.374979,23.500021,20.500021,22.937521,159600,2.949205
1998-08-31,24.00,24.00,20.749979,23.125021,175200,2.973313
1998-08-28,25.750019,25.750019,22.999979,23.500021,66000,3.021528
1998-08-27,26.749981,26.749981,24.499981,24.499981,27600,3.150099
1998-08-26,25.375019,25.375019,25.375019,25.375019,000,3.262607
1998-08-25,27.00,27.00,25.375019,25.375019,21600,3.262607
1998-08-24,26.25,26.25,26.25,26.25,1200,3.375109
1998-08-21,27.499981,27.499981,26.25,26.25,5400,3.375109
1998-08-20,26.500019,26.500019,26.500019,26.500019,2400,3.407255
1998-08-19,27.124981,27.625019,27.00,27.00,57000,3.47154
1998-08-18,27.499981,28.249981,27.499981,27.874981,16800,3.584041
1998-08-17,27.9375,28.000019,27.499981,27.75,166800,3.567972
1998-08-14,28.249981,28.249981,27.499981,27.812519,222000,3.57601
1998-08-13,27.499981,28.000019,27.499981,27.874981,13200,3.584041
1998-08-12,27.5625,27.874981,27.312481,27.812519,124800,3.57601
1998-08-11,28.000019,28.875,27.124981,27.5625,71400,3.514032
1998-08-10,27.5625,28.50,27.062519,28.50,45600,3.633557
1998-08-07,27.5625,27.5625,27.062519,27.062519,3000,3.450288
1998-08-06,27.00,27.499981,27.00,27.062519,72600,3.450288
1998-08-05,27.062519,27.499981,27.00,27.00,76200,3.442317
1998-08-04,28.000019,28.000019,27.00,27.499981,73800,3.506061
1998-08-03,27.00,27.250019,27.00,27.00,82200,3.442317
1998-07-31,27.375,28.50,27.00,27.00,62400,3.442317
1998-07-30,27.375,27.375,27.375,27.375,9600,3.490127
1998-07-29,28.000019,28.249981,27.250019,28.249981,6600,3.601681
1998-07-28,28.50,28.50,27.124981,27.124981,80400,3.458251
1998-07-27,28.50,28.50,27.499981,27.499981,23400,3.506061
1998-07-24,27.499981,28.000019,27.250019,27.75,42000,3.537937
1998-07-23,29.749981,30.00,28.249981,28.249981,58200,3.601681
1998-07-22,29.875019,30.00,29.875019,29.875019,27600,3.808862
1998-07-21,31.000019,31.000019,30.00,30.499981,15000,3.888541
1998-07-20,29.749981,30.250019,29.749981,30.250019,19800,3.856672
1998-07-17,30.250019,30.250019,30.250019,30.250019,1800,3.856672
1998-07-16,30.250019,30.250019,29.749981,30.00,15600,3.824797
1998-07-15,30.124981,30.499981,30.00,30.00,22800,3.824797
1998-07-14,30.124981,30.124981,30.124981,30.124981,16800,3.840731
1998-07-13,30.625019,30.75,30.124981,30.124981,27600,3.840731
1998-07-10,30.499981,30.499981,30.499981,30.499981,1200,3.888541
1998-07-09,30.00,30.625019,30.00,30.625019,16800,3.904482
1998-07-08,30.499981,31.50,30.499981,30.499981,12600,3.888541
1998-07-07,31.999981,31.999981,31.249981,31.249981,10200,3.984161
1998-07-06,31.000019,31.50,31.000019,31.375019,20400,4.000102
1998-07-02,30.250019,31.249981,30.250019,31.249981,43200,3.984161
1998-07-01,30.625019,31.000019,30.250019,30.75,33000,3.920417
1998-06-30,30.75,31.000019,30.124981,30.874981,73800,3.936351
1998-06-29,30.124981,30.75,30.124981,30.75,20400,3.920417
1998-06-26,30.75,30.75,30.124981,30.124981,8400,3.840731
1998-06-25,30.75,30.75,30.5625,30.59376,9000,3.900497
1998-06-24,30.499981,30.75,30.312481,30.625019,79200,3.904482
1998-06-23,30.250019,30.499981,30.250019,30.250019,35400,3.856672
1998-06-22,29.749981,30.124981,28.999981,30.124981,54000,3.840731
1998-06-19,29.625,30.499981,29.625,30.250019,30600,3.856672
1998-06-18,30.250019,30.499981,28.999981,30.250019,135600,3.856672
1998-06-17,29.937481,30.250019,29.875019,30.250019,51000,3.856672
1998-06-16,30.00,30.00,28.999981,29.500019,21600,3.761052
1998-06-15,28.999981,30.00,28.999981,29.500019,58800,3.761052
1998-06-12,30.00,30.00,29.25,29.531279,10200,3.765038
1998-06-11,29.25,30.00,29.25,30.00,30600,3.824797
1998-06-10,29.25,29.875019,29.25,29.562481,49200,3.769016
1998-06-09,29.625,29.625,29.374981,29.4375,102600,3.753082
1998-06-08,29.625,29.625,29.25,29.25,10200,3.729177
1998-06-05,29.625,29.625,29.4375,29.625,4200,3.776987
1998-06-04,29.749981,29.749981,28.999981,29.500019,76200,3.761052
1998-06-03,28.999981,29.25,28.50,29.25,121200,3.729177
1998-06-02,28.50,28.50,28.000019,28.375019,42000,3.617623
1998-06-01,29.25,29.25,28.50,28.50,31800,3.633557
1998-05-29,28.999981,29.156279,28.999981,28.999981,8400,3.697301
1998-05-28,30.00,30.00,28.999981,28.999981,19800,3.697301
1998-05-27,29.749981,30.00,28.999981,29.25,130200,3.729177
1998-05-26,29.8125,30.00,29.500019,29.875019,55800,3.808862
1998-05-22,29.374981,29.374981,29.25,29.25,4800,3.729177
1998-05-21,29.25,30.00,29.25,29.374981,49800,3.745111
1998-05-20,29.749981,30.00,29.625,29.625,31800,3.776987
1998-05-19,29.875019,30.00,29.749981,30.00,7200,3.824797
1998-05-18,30.499981,30.499981,29.374981,29.374981,25800,3.745111
1998-05-15,29.625,30.499981,29.625,30.499981,6600,3.888541
1998-05-14,30.499981,30.499981,29.500019,30.499981,54600,3.888541
1998-05-13,29.500019,30.499981,29.500019,30.00,32400,3.824797
1998-05-12,30.499981,30.499981,29.749981,30.250019,31200,3.856672
1998-05-11,30.375,30.375,29.25,29.25,30600,3.729177
1998-05-08,28.999981,30.375,28.999981,29.374981,19200,3.745111
1998-05-07,30.1875,30.437519,30.00,30.250019,67800,3.856672
1998-05-06,30.499981,30.499981,30.00,30.375,61800,3.872607
1998-05-05,30.00,30.499981,29.25,29.875019,147000,3.779281
1998-05-04,30.00,30.00,29.906279,30.00,12600,3.795092
1998-05-01,29.625,30.00,28.750019,28.875,47400,3.652776
1998-04-30,30.00,30.00,28.50,29.625,51600,3.747653
1998-04-29,29.500019,30.00,28.999981,30.00,57600,3.795092
1998-04-28,29.500019,29.500019,28.249981,28.875,22800,3.652776
1998-04-27,29.500019,29.500019,28.50,28.50,23400,3.605337
1998-04-24,28.750019,29.500019,28.750019,29.500019,19800,3.731843
1998-04-23,29.125019,29.500019,28.999981,29.500019,41400,3.731843
1998-04-22,29.125019,29.125019,28.50,29.125019,72600,3.684404
1998-04-21,29.500019,29.500019,28.50,29.109361,39600,3.682423
1998-04-20,28.50,29.109361,28.50,28.999981,82200,3.668586
1998-04-17,29.500019,29.500019,28.50,28.859399,25200,3.650802
1998-04-16,28.750019,29.25,28.000019,29.25,48000,3.700215
1998-04-15,28.750019,28.750019,28.249981,28.249981,39600,3.573709
1998-04-14,28.546861,28.750019,28.359361,28.750019,15600,3.636965
1998-04-13,27.75,28.50,27.75,28.50,237600,3.605337
1998-04-09,27.609361,28.50,27.609361,28.04688,12600,3.548016
1998-04-08,28.50,28.50,27.609361,27.609361,29400,3.492669
1998-04-07,28.359361,28.359361,28.000019,28.000019,31800,3.542088
1998-04-06,27.85938,28.50,27.609361,27.609361,29400,3.492669
1998-04-03,27.796861,28.50,27.796861,28.140601,43800,3.559872
1998-04-02,27.75,28.50,27.75,27.796861,91800,3.516388
1998-04-01,28.000019,28.50,27.499981,28.42188,78000,3.595455
1998-03-31,27.499981,28.50,27.499981,27.85938,27600,3.524297
1998-03-30,28.50,28.50,27.609361,28.50,136200,3.605337
1998-03-27,28.50,28.50,28.000019,28.50,32400,3.605337
1998-03-26,28.000019,28.50,28.000019,28.50,10200,3.605337
1998-03-25,28.000019,28.50,28.000019,28.50,6000,3.605337
1998-03-24,28.50,28.50,28.109399,28.249981,124200,3.573709
1998-03-23,28.50,28.50,27.499981,28.42188,43200,3.595455
1998-03-20,28.50,28.60938,28.000019,28.000019,150000,3.542088
1998-03-19,28.50,28.50,27.499981,28.171861,10200,3.563827
1998-03-18,28.50,28.50,27.85938,28.50,10800,3.605337
1998-03-17,27.921899,28.50,27.499981,28.359361,76800,3.587546
1998-03-16,28.000019,28.109399,27.499981,27.921899,82800,3.532206
1998-03-13,28.249981,28.249981,27.250019,28.000019,12000,3.542088
1998-03-12,28.359361,28.359361,27.250019,28.359361,220800,3.587546
1998-03-11,27.75,28.999981,27.75,28.000019,20400,3.542088
1998-03-10,28.859399,28.859399,27.499981,27.499981,51000,3.478832
1998-03-09,28.859399,28.859399,27.499981,28.859399,9600,3.650802
1998-03-06,27.609361,28.50,27.609361,27.85938,57000,3.524297
1998-03-05,27.75,27.75,27.250019,27.359399,41400,3.461048
1998-03-04,27.75,27.75,27.250019,27.75,7800,3.51046
1998-03-03,28.000019,28.000019,27.250019,27.421861,55200,3.468949
1998-03-02,28.249981,28.249981,27.00,27.499981,73800,3.478832
1998-02-27,26.500019,28.000019,25.249981,28.000019,114000,3.542088
1998-02-26,28.999981,28.999981,27.00,27.00,121200,3.415583
1998-02-25,28.750019,28.750019,28.000019,28.249981,113400,3.573709
1998-02-24,29.25,29.25,28.50,28.750019,59400,3.636965
1998-02-23,29.500019,29.859361,29.25,29.500019,97200,3.731843
1998-02-20,30.00,30.75,29.500019,29.500019,126600,3.731843
1998-02-19,31.50,31.50,29.500019,30.499981,76800,3.858341
1998-02-18,31.50,31.50,31.249981,31.249981,87000,3.953218
1998-02-17,32.500019,32.500019,31.249981,31.359361,52800,3.967055
1998-02-13,31.000019,31.999981,31.000019,31.50,7800,3.984846
1998-02-12,31.999981,31.999981,31.859399,31.859399,4200,4.030311
1998-02-11,31.999981,31.999981,31.999981,31.999981,1200,4.048096
1998-02-10,31.999981,31.999981,31.109399,31.109399,19800,3.935434
1998-02-09,31.000019,31.50,31.000019,31.000019,24600,3.921597
1998-02-06,31.000019,31.640639,31.000019,31.109399,31800,3.935434
1998-02-05,31.000019,31.999981,31.000019,31.109399,61800,3.935434
1998-02-04,31.249981,31.750019,31.249981,31.249981,60000,3.953218
1998-02-03,31.249981,31.999981,31.249981,31.249981,5400,3.953218
1998-02-02,31.249981,32.25,31.249981,32.25,33600,4.079724
1998-01-30,31.750019,32.25,31.750019,31.750019,85200,4.016475
1998-01-29,31.000019,32.25,31.000019,32.25,27600,4.079724
1998-01-28,32.749981,32.749981,31.109399,31.359361,358800,3.937704
1998-01-27,32.500019,33.00,32.500019,33.00,10800,4.143714
1998-01-26,32.500019,33.00,32.500019,32.671861,31800,4.102511
1998-01-23,32.500019,32.609399,32.500019,32.500019,55800,4.080933
1998-01-22,32.500019,33.00,32.500019,32.500019,9000,4.080933
1998-01-21,32.500019,33.00,32.500019,32.54688,8400,4.086817
1998-01-20,33.00,33.00,32.54688,32.54688,13800,4.086817
1998-01-16,33.00,33.00,31.750019,32.500019,148800,4.080933
1998-01-15,32.500019,32.500019,31.999981,31.999981,25800,4.018145
1998-01-14,31.50,32.35938,31.50,31.999981,8400,4.018145
1998-01-13,33.00,33.00,31.50,31.50,106200,3.955364
1998-01-12,31.50,32.54688,31.50,31.999981,76200,4.018145
1998-01-09,32.500019,32.500019,31.265639,32.35938,97800,4.063273
1998-01-08,32.35938,32.500019,32.35938,32.35938,58800,4.063273
1998-01-07,32.35938,32.500019,32.35938,32.35938,121200,4.063273
1998-01-06,33.00,33.00,32.35938,32.500019,41400,4.080933
1998-01-05,32.35938,32.749981,32.35938,32.35938,28200,4.063273
1998-01-02,32.35938,33.00,32.35938,32.35938,38400,4.063273
1997-12-31,32.25,32.609399,32.25,32.35938,39600,4.063273
1997-12-30,32.25,33.00,31.750019,32.35938,13800,4.063273
1997-12-29,33.00,33.00,31.50,31.859399,7200,4.000492
1997-12-26,33.00,33.00,33.00,33.00,1200,4.143714
1997-12-24,31.859399,32.859361,31.859399,32.859361,6000,4.126055
1997-12-23,31.750019,33.00,31.750019,31.859399,31800,4.000492
1997-12-22,32.609399,32.609399,31.999981,32.25,4800,4.049539
1997-12-19,31.50,33.00,31.50,33.00,9600,4.143714
1997-12-18,33.00,33.00,31.999981,31.999981,7800,4.018145
1997-12-17,31.999981,32.500019,31.999981,31.999981,56400,4.018145
1997-12-16,33.00,33.00,31.999981,31.999981,28800,4.018145
1997-12-15,31.999981,33.00,31.999981,32.500019,20400,4.080933
1997-12-12,33.00,33.00,31.999981,32.500019,38400,4.080933
1997-12-11,33.499981,33.499981,31.999981,31.999981,24600,4.018145
1997-12-10,33.00,33.00,31.999981,32.749981,39600,4.11232
1997-12-09,33.00,33.00,32.796899,33.00,9600,4.143714
1997-12-08,33.499981,33.499981,33.00,33.00,49200,4.143714
1997-12-05,33.75,33.75,33.00,33.00,17400,4.143714
1997-12-04,33.499981,33.499981,33.499981,33.499981,3600,4.206495
1997-12-03,33.00,33.499981,33.00,33.250019,29400,4.175108
1997-12-02,33.00,33.250019,33.00,33.250019,23400,4.175108
1997-12-01,31.999981,33.499981,31.999981,33.26562,58200,4.177067
1997-11-28,32.35938,32.749981,32.25,32.749981,31800,4.11232
1997-11-26,32.25,32.500019,30.85938,32.35938,85800,4.063273
1997-11-25,31.999981,31.999981,31.60938,31.60938,15600,3.969098
1997-11-24,31.999981,31.999981,31.999981,31.999981,4800,4.018145
1997-11-21,31.999981,32.421899,31.999981,31.999981,13200,4.018145
1997-11-20,32.749981,33.499981,31.999981,32.35938,24000,4.063273
1997-11-19,31.999981,33.00,31.999981,33.00,4200,4.143714
1997-11-18,31.999981,31.999981,31.999981,31.999981,6000,4.018145
1997-11-17,32.859361,33.499981,31.999981,32.25,66600,4.049539
1997-11-14,33.499981,33.499981,33.499981,33.499981,1800,4.206495
1997-11-13,31.999981,33.499981,31.999981,31.999981,10800,4.018145
1997-11-12,31.999981,32.25,31.999981,32.25,82800,4.049539
1997-11-11,31.999981,33.250019,31.50,32.25,42600,4.020405
1997-11-10,31.999981,33.250019,31.999981,33.250019,60000,4.145071
1997-11-07,32.25,32.749981,31.999981,31.999981,120000,3.989236
1997-11-06,33.75,33.75,33.00,33.00,23400,4.113902
1997-11-05,34.50,34.750019,34.000019,34.04688,39600,4.24441
1997-11-04,34.50,34.50,34.000019,34.000019,31200,4.238569
1997-11-03,33.250019,34.50,33.250019,34.000019,39600,4.238569
1997-10-31,33.609361,34.249981,33.609361,34.249981,6000,4.26973
1997-10-30,33.499981,34.000019,33.250019,34.000019,96000,4.238569
1997-10-29,34.000019,34.000019,33.250019,33.796861,43200,4.213242
1997-10-28,32.500019,34.109399,32.500019,33.609361,50400,4.189868
1997-10-27,34.249981,34.249981,33.359399,33.359399,85800,4.158706
1997-10-24,34.249981,34.249981,33.75,34.000019,52200,4.238569
1997-10-23,34.750019,34.750019,33.75,33.75,19800,4.2074
1997-10-22,34.109399,34.859399,34.109399,34.249981,94800,4.26973
1997-10-21,34.109399,34.50,34.109399,34.50,39600,4.300898
1997-10-20,34.859399,35.25,34.50,34.50,31200,4.300898
1997-10-17,34.999981,35.500019,34.859399,35.500019,12600,4.425564
1997-10-16,35.500019,35.500019,34.999981,34.999981,5400,4.363227
1997-10-15,35.25,35.25,35.25,35.25,600,4.394396
1997-10-14,34.999981,35.500019,34.999981,34.999981,37800,4.363227
1997-10-13,35.500019,35.500019,34.999981,34.999981,9000,4.363227
1997-10-10,34.859399,35.500019,34.859399,35.500019,12600,4.425564
1997-10-09,34.859399,34.859399,34.859399,34.859399,1800,4.345702
1997-10-08,34.859399,35.25,34.859399,35.25,1200,4.394396
1997-10-07,34.859399,35.500019,34.859399,35.500019,78000,4.425564
1997-10-06,34.999981,35.25,34.859399,34.859399,33000,4.345702
1997-10-03,34.859399,34.859399,34.859399,34.859399,4800,4.345702
1997-10-02,35.749981,35.749981,34.859399,34.999981,8400,4.363227
1997-10-01,35.25,35.25,34.859399,34.859399,52200,4.345702
1997-09-30,36.00,36.00,34.999981,34.999981,36000,4.363227
1997-09-29,36.499981,36.75,35.500019,35.500019,71400,4.425564
1997-09-26,36.499981,36.75,35.609399,36.499981,43800,4.550223
1997-09-25,35.749981,35.749981,35.749981,35.749981,2400,4.456725
1997-09-24,36.250019,36.499981,35.749981,36.250019,35400,4.519062
1997-09-23,35.500019,36.250019,35.500019,36.250019,10200,4.519062
1997-09-22,36.499981,36.499981,35.500019,35.859361,24000,4.470361
1997-09-19,35.749981,36.499981,35.749981,36.00,12000,4.487894
1997-09-18,36.250019,36.250019,35.749981,35.749981,10200,4.456725
1997-09-17,36.250019,36.250019,35.749981,35.749981,30600,4.456725
1997-09-16,36.75,36.75,35.500019,36.00,94200,4.487894
1997-09-15,36.499981,36.499981,36.00,36.499981,11400,4.550223
1997-09-12,36.00,36.10938,36.00,36.10938,3600,4.501529
1997-09-11,36.00,36.75,36.00,36.00,14400,4.487894
1997-09-10,34.000019,36.609361,34.000019,36.00,138000,4.487894
1997-09-09,32.749981,34.50,32.609399,34.249981,99000,4.26973
1997-09-08,32.749981,33.499981,32.25,32.859361,84000,4.09637
1997-09-05,34.859399,34.999981,32.749981,33.00,271200,4.113902
1997-09-04,35.500019,35.500019,34.859399,34.859399,2400,4.345702
1997-09-03,34.999981,35.109361,34.999981,34.999981,42000,4.363227
1997-09-02,34.000019,35.35938,34.000019,35.25,160800,4.394396
1997-08-29,33.85938,34.750019,33.499981,34.750019,20400,4.332066
1997-08-28,33.250019,34.000019,33.250019,33.75,13800,4.2074
1997-08-27,33.250019,33.609361,33.250019,33.609361,21600,4.189868
1997-08-26,33.75,33.75,33.250019,33.250019,11400,4.145071
1997-08-25,34.000019,34.000019,33.499981,33.499981,1200,4.176232
1997-08-22,34.750019,34.750019,34.000019,34.50,30600,4.300898
1997-08-21,34.109399,34.109399,34.109399,34.109399,10800,4.252204
1997-08-20,34.249981,34.60938,34.249981,34.60938,41400,4.314534
1997-08-19,34.249981,34.999981,34.249981,34.999981,1200,4.363227
1997-08-18,34.249981,34.249981,34.249981,34.249981,6000,4.26973
1997-08-15,34.60938,34.60938,34.50,34.50,7800,4.300898
1997-08-14,35.500019,35.500019,35.500019,35.500019,8400,4.425564
1997-08-13,34.60938,34.60938,34.60938,34.60938,7800,4.314534
1997-08-12,34.750019,35.500019,34.750019,34.750019,13800,4.303142
1997-08-11,34.60938,35.17188,34.60938,34.750019,21600,4.303142
1997-08-08,34.60938,35.749981,34.60938,35.17188,5400,4.355381
1997-08-07,34.60938,35.749981,34.60938,34.999981,4800,4.334095
1997-08-06,35.25,35.25,34.60938,34.999981,7200,4.334095
1997-08-05,34.60938,35.25,34.60938,34.859399,6600,4.316686
1997-08-04,34.249981,34.999981,34.249981,34.859399,42600,4.316686
1997-08-01,34.50,34.750019,34.000019,34.50,47400,4.272182
1997-07-31,34.999981,34.999981,34.999981,34.999981,1200,4.334095
1997-07-30,35.25,35.25,34.249981,34.999981,53400,4.334095
1997-07-29,35.500019,36.250019,35.25,36.00,90600,4.457929
1997-07-28,36.499981,36.499981,35.500019,35.500019,51000,4.396015
1997-07-25,35.749981,36.499981,35.749981,35.749981,23400,4.426968
1997-07-24,36.00,36.499981,35.749981,35.859361,30000,4.440513
1997-07-23,36.00,36.609361,36.00,36.00,34800,4.457929
1997-07-22,36.250019,36.75,36.00,36.75,40800,4.550802
1997-07-21,36.250019,36.921899,36.250019,36.499981,40200,4.519842
1997-07-18,36.250019,36.75,36.250019,36.250019,67200,4.488889
1997-07-17,36.250019,37.249981,36.250019,37.249981,9600,4.612715
1997-07-16,37.000019,37.249981,36.250019,36.250019,42000,4.488889
1997-07-15,37.249981,37.249981,36.250019,37.000019,15600,4.581762
1997-07-14,35.500019,37.50,35.500019,37.000019,144600,4.581762
1997-07-11,35.500019,36.00,35.500019,35.500019,18000,4.396015
1997-07-10,36.00,36.00,35.500019,35.859361,28800,4.440513
1997-07-09,36.00,36.00,35.500019,35.859361,34200,4.440513
1997-07-08,34.999981,36.00,34.999981,36.00,58800,4.457929
1997-07-07,35.500019,35.859361,35.109361,35.109361,19800,4.34764
1997-07-03,35.749981,36.00,35.500019,35.609399,76200,4.40956
1997-07-02,34.999981,35.859361,34.999981,35.609399,73800,4.40956
1997-07-01,36.499981,36.499981,34.999981,35.749981,110400,4.426968
1997-06-30,34.249981,36.499981,34.249981,36.00,331200,4.457929
1997-06-27,34.249981,34.50,34.000019,34.50,90600,4.272182
1997-06-26,33.499981,34.249981,33.499981,34.249981,85200,4.241221
1997-06-25,34.000019,34.750019,33.75,33.75,423600,4.179308
1997-06-24,33.499981,34.109399,33.359399,33.75,65400,4.179308
1997-06-23,33.75,34.000019,33.00,34.000019,114000,4.210268
1997-06-20,33.499981,33.75,32.749981,33.499981,89400,4.148348
1997-06-19,32.749981,33.499981,32.749981,33.10938,52200,4.099979
1997-06-18,32.25,33.00,31.750019,32.25,42600,3.993561
1997-06-17,32.749981,34.000019,32.500019,33.250019,227400,4.117395
1997-06-16,33.00,34.000019,32.749981,32.749981,5400,4.055474
1997-06-13,32.749981,34.000019,32.749981,34.000019,14400,4.210268
1997-06-12,33.00,34.000019,32.749981,33.00,57000,4.086435
1997-06-11,34.000019,34.000019,33.00,34.000019,48600,4.210268
1997-06-10,32.500019,34.000019,32.500019,34.000019,106200,4.210268
1997-06-09,33.499981,33.499981,31.999981,32.25,64800,3.993561
1997-06-06,33.75,34.000019,32.749981,32.749981,48600,4.055474
1997-06-05,34.999981,34.999981,33.250019,33.499981,55800,4.148348
1997-06-04,31.50,36.75,31.000019,33.75,469800,4.179308
1997-06-03,29.749981,30.499981,29.25,30.499981,61200,3.776854
1997-06-02,29.25,30.250019,29.25,30.250019,23400,3.745901
1997-05-30,30.250019,30.250019,29.25,29.25,13800,3.622067
1997-05-29,30.00,30.250019,29.500019,29.500019,22800,3.653027
1997-05-28,29.500019,30.250019,29.35938,30.250019,43200,3.745901
1997-05-27,30.250019,30.250019,28.999981,29.25,154800,3.622067
1997-05-23,29.749981,30.250019,29.500019,29.500019,36600,3.653027
1997-05-22,29.500019,29.500019,29.500019,29.500019,27600,3.653027
1997-05-21,28.50,29.500019,28.249981,29.500019,72600,3.653027
1997-05-20,29.25,29.25,28.249981,28.249981,9600,3.498233
1997-05-19,28.999981,29.25,28.249981,29.25,67200,3.622067
1997-05-16,27.75,27.75,27.75,27.75,6000,3.43632
1997-05-15,28.750019,28.999981,27.75,28.750019,50400,3.560154
1997-05-14,28.750019,28.750019,27.499981,28.750019,37200,3.560154
1997-05-13,28.000019,28.50,27.499981,27.499981,48600,3.40536
1997-05-12,28.000019,28.999981,28.000019,28.999981,51000,3.591107
1997-05-09,28.999981,28.999981,28.000019,28.000019,20400,3.46728
1997-05-08,28.000019,28.50,27.499981,28.000019,24600,3.46728
1997-05-07,27.250019,28.50,27.00,28.000019,54000,3.46728
1997-05-06,26.500019,27.499981,26.500019,27.499981,245400,3.376629
1997-05-05,27.499981,27.499981,27.499981,27.499981,6600,3.376629
1997-05-02,26.500019,27.499981,26.500019,26.500019,198600,3.253847
1997-05-01,26.500019,27.499981,26.500019,26.500019,49800,3.253847
1997-04-30,27.499981,27.499981,26.500019,27.00,18600,3.315238
1997-04-29,26.500019,27.499981,26.500019,26.609399,27000,3.267277
1997-04-28,27.00,27.359399,26.500019,27.359399,27600,3.359367
1997-04-25,26.500019,27.499981,26.500019,27.499981,4800,3.376629
1997-04-24,27.499981,27.499981,27.499981,27.499981,3600,3.376629
1997-04-23,27.499981,27.499981,26.500019,27.499981,9600,3.376629
1997-04-22,27.75,27.75,26.25,26.500019,62400,3.253847
1997-04-21,27.499981,27.499981,26.749981,27.00,98400,3.315238
1997-04-18,27.00,27.499981,27.00,27.499981,1800,3.376629
1997-04-17,27.00,27.00,27.00,27.00,3000,3.315238
1997-04-16,26.749981,27.00,26.749981,27.00,1800,3.315238
1997-04-15,27.499981,27.499981,26.749981,27.499981,45600,3.376629
1997-04-14,27.499981,27.499981,26.749981,26.749981,3000,3.284539
1997-04-11,27.359399,27.359399,26.749981,26.749981,12600,3.284539
1997-04-10,26.749981,27.499981,26.749981,27.499981,6000,3.376629
1997-04-09,27.499981,27.499981,27.00,27.00,16800,3.315238
1997-04-08,26.500019,27.250019,26.500019,27.250019,6000,3.345937
1997-04-07,27.250019,27.250019,27.250019,27.250019,22200,3.345937
1997-04-04,27.250019,27.250019,27.00,27.250019,3600,3.345937
1997-04-03,27.250019,27.250019,27.00,27.00,47400,3.315238
1997-04-02,27.00,27.250019,27.00,27.00,13800,3.315238
1997-04-01,27.250019,27.250019,27.250019,27.250019,6600,3.345937
1997-03-31,26.749981,27.250019,26.749981,27.250019,25200,3.345937
1997-03-27,27.00,27.499981,26.749981,26.749981,112200,3.284539
1997-03-26,27.359399,28.000019,27.10938,27.10938,34200,3.328668
1997-03-25,26.749981,27.499981,26.749981,27.250019,122400,3.345937
1997-03-24,27.499981,27.499981,27.499981,27.499981,7200,3.376629
1997-03-21,26.609399,27.250019,26.609399,26.749981,85200,3.284539
1997-03-20,26.500019,27.00,26.25,27.00,103200,3.315238
1997-03-19,26.609399,27.250019,26.500019,26.500019,70800,3.253847
1997-03-18,26.749981,27.250019,26.500019,26.500019,143400,3.253847
1997-03-17,27.10938,27.499981,26.500019,27.250019,294000,3.345937
1997-03-14,28.249981,28.249981,27.00,27.499981,31800,3.376629
1997-03-13,28.000019,28.999981,25.50,28.000019,219600,3.438027
1997-03-12,29.25,29.749981,28.249981,29.35938,60600,3.604938
1997-03-11,29.749981,29.749981,29.25,29.25,46200,3.591508
1997-03-10,30.250019,30.250019,29.25,29.28126,93600,3.595346
1997-03-07,30.250019,30.250019,29.749981,30.250019,13800,3.714296
1997-03-06,31.249981,31.999981,29.500019,29.500019,44400,3.622206
1997-03-05,31.750019,31.999981,31.249981,31.249981,9600,3.837078
1997-03-04,32.35938,32.35938,31.750019,31.750019,7200,3.898476
1997-03-03,31.750019,32.109361,31.750019,31.999981,126000,3.929168
1997-02-28,31.750019,32.500019,31.750019,32.500019,15000,3.990566
1997-02-27,33.499981,33.499981,31.000019,32.25,175800,3.959867
1997-02-26,34.000019,34.000019,33.250019,33.421861,37200,4.103756
1997-02-25,33.250019,34.000019,33.250019,34.000019,12000,4.174746
1997-02-24,33.250019,34.000019,33.250019,34.000019,24000,4.174746
1997-02-21,34.000019,34.000019,33.250019,34.000019,3000,4.174746
1997-02-20,34.000019,34.000019,33.250019,33.359399,18000,4.096087
1997-02-19,33.499981,34.000019,33.00,33.250019,151200,4.082656
1997-02-18,34.249981,34.249981,33.499981,34.000019,44400,4.174746
1997-02-14,34.249981,34.249981,33.499981,34.000019,48600,4.174746
1997-02-13,34.50,34.50,33.499981,34.000019,754200,4.174746
1997-02-12,34.50,34.50,33.499981,33.609361,64800,4.126779
1997-02-11,34.50,34.50,33.250019,33.75,73200,4.144047
1997-02-10,34.000019,35.500019,33.375,33.499981,208200,4.113348
1997-02-07,133.000076,133.000076,127.999924,130.000076,69600,3.990566
1997-02-06,133.999924,136.000076,130.000076,133.999924,74400,4.113348
1997-02-05,133.000076,138.00,124.999924,129.00,139200,3.959867
1997-02-04,141.00,141.125038,139.000076,139.000076,110400,4.266836
1997-02-03,142.999924,142.999924,141.00,141.00,19200,4.328227
1997-01-31,142.999924,142.999924,142.999924,142.999924,4800,4.389618
1997-01-30,141.499924,142.999924,141.00,142.999924,187200,4.389618
1997-01-29,142.999924,142.999924,142.000076,142.999924,19200,4.389618
1997-01-28,142.000076,142.000076,141.499924,141.499924,48000,4.343573
1997-01-27,142.50,142.50,142.50,142.50,9600,4.374272
1997-01-24,143.25,143.25,142.000076,142.000076,16800,4.358926
1997-01-23,145.000076,145.000076,142.750076,144.00,50400,4.420317
1997-01-22,145.50,148.000076,145.249924,147.00,132000,4.512407
1997-01-21,148.999924,148.999924,145.000076,148.999924,38400,4.573798
1997-01-20,145.999924,148.999924,145.000076,148.000076,64800,4.543106
1997-01-17,145.999924,147.00,142.000076,142.000076,91200,4.358926
1997-01-16,145.999924,145.999924,137.749924,145.999924,24000,4.481708
1997-01-15,136.999924,145.000076,136.999924,141.00,43200,4.328227
1997-01-14,142.999924,144.00,142.999924,144.00,7200,4.420317
1997-01-13,138.00,138.00,136.000076,138.00,141600,4.236137
1997-01-10,138.00,138.00,136.000076,138.00,40800,4.236137
1997-01-09,138.00,138.00,135.00,135.00,76800,4.144047
1997-01-08,133.000076,136.999924,133.000076,135.00,52800,4.144047
1997-01-07,136.000076,136.000076,133.000076,134.375038,14400,4.124863
1997-01-06,135.00,136.000076,132.00,135.00,16800,4.144047
1997-01-03,136.000076,136.000076,136.000076,136.000076,14400,4.174746
1997-01-02,130.999924,136.999924,130.999924,133.999924,26400,4.113348
1996-12-31,130.999924,136.999924,130.999924,132.00,52800,4.051957
1996-12-30,127.999924,130.999924,127.999924,130.999924,36000,4.021258
1996-12-27,127.000076,127.999924,124.999924,127.999924,74400,3.929168
1996-12-26,124.999924,127.000076,122.749924,122.749924,16800,3.768011
1996-12-24,123.00,123.00,123.00,123.00,000,3.775687
1996-12-23,123.00,123.00,122.500076,123.00,21600,3.775687
1996-12-20,123.00,123.00,121.000076,121.000076,12000,3.714296
1996-12-19,121.000076,121.000076,118.999924,121.000076,7200,3.714296
1996-12-18,123.00,123.00,123.00,123.00,4800,3.775687
1996-12-17,123.00,123.00,123.00,123.00,000,3.775687
1996-12-16,123.00,123.00,123.00,123.00,2400,3.775687
1996-12-13,123.00,123.00,123.00,123.00,2400,3.775687
1996-12-12,120.00,123.00,118.000076,120.00,7200,3.683597
1996-12-11,118.50,118.50,118.000076,118.000076,19200,3.622206
1996-12-10,124.999924,127.999924,121.000076,121.000076,50400,3.714296
1996-12-09,126.00,126.00,118.999924,126.00,19200,3.867777
1996-12-06,115.000076,122.500076,115.000076,122.500076,60000,3.760341
1996-12-05,114.00,115.000076,112.000076,112.000076,26400,3.438027
1996-12-04,111.00,117.00,111.00,117.00,4800,3.591508
1996-12-03,111.00,111.00,111.00,111.00,24000,3.407328
1996-12-02,112.000076,118.000076,112.000076,112.000076,38400,3.438027
1996-11-29,115.999924,115.999924,115.999924,115.999924,000,3.560809
1996-11-27,115.999924,115.999924,115.999924,115.999924,000,3.560809
1996-11-26,115.999924,121.000076,115.999924,115.999924,36000,3.560809
1996-11-25,123.00,123.00,117.00,117.00,16800,3.591508
1996-11-22,116.500076,123.00,112.999924,116.500076,84000,3.576162
1996-11-21,102.499924,117.00,98.500076,115.000076,136800,3.530117
1996-11-20,97.999924,100.000076,97.50,97.999924,55200,3.008269
1996-11-19,95.500082,96.250076,94.999918,96.250076,28800,2.954554
1996-11-18,95.500082,95.500082,95.500082,95.500082,000,2.931532
1996-11-15,95.500082,95.500082,95.500082,95.500082,16800,2.931532
1996-11-14,95.500082,97.999924,95.500082,95.500082,9600,2.931532
1996-11-13,95.500082,95.500082,95.500082,95.500082,000,2.931532
1996-11-12,95.500082,97.750076,95.500082,95.500082,7200,2.931532
1996-11-11,95.500082,95.500082,95.500082,95.500082,000,2.931532
1996-11-08,95.874962,95.874962,95.500082,95.500082,295200,2.931532
1996-11-07,97.999924,97.999924,95.500082,95.500082,4800,2.931532
1996-11-06,94.50,94.50,94.50,94.50,26400,2.900833
1996-11-05,94.50,95.25,94.50,95.25,12000,2.923855
1996-11-04,94.50,95.25,94.50,94.50,36000,2.900833
1996-11-01,94.50,95.25,94.50,95.25,24000,2.923855
1996-10-31,94.999918,94.999918,94.999918,94.999918,000,2.916179
1996-10-30,95.749918,95.749918,94.50,94.999918,24000,2.916179
1996-10-29,94.000082,94.50,94.000082,94.50,40800,2.900833
1996-10-28,93.499918,93.499918,93.499918,93.499918,000,2.870134
1996-10-25,94.50,94.50,93.499918,93.499918,26400,2.870134
1996-10-24,93.00,93.250082,93.00,93.250082,26400,2.862465
1996-10-23,93.00,93.250082,93.00,93.250082,72000,2.862465
1996-10-22,93.00,93.00,93.00,93.00,14400,2.854788
1996-10-21,94.000082,94.000082,93.00,94.000082,50400,2.885487
1996-10-18,93.00,93.499918,93.00,93.00,50400,2.854788
1996-10-17,94.750082,94.750082,94.750082,94.750082,2400,2.90851
1996-10-16,93.00,93.499918,93.00,93.499918,28800,2.870134
1996-10-15,93.00,93.00,93.00,93.00,9600,2.854788
1996-10-14,93.00,93.00,93.00,93.00,4800,2.854788
1996-10-11,94.750082,94.750082,93.499918,94.50,12000,2.900833
1996-10-10,93.250082,93.250082,93.00,93.00,148800,2.854788
1996-10-09,93.875038,94.000082,93.00,94.000082,103200,2.885487
1996-10-08,94.000082,94.12512,94.000082,94.12512,285600,2.889325
1996-10-07,93.00,93.00,93.00,93.00,7200,2.854788
1996-10-04,91.999918,91.999918,91.999918,91.999918,000,2.824089
1996-10-03,91.999918,91.999918,91.999918,91.999918,000,2.824089
1996-10-02,91.999918,91.999918,91.999918,91.999918,9600,2.824089
1996-10-01,93.00,93.00,91.999918,91.999918,4800,2.824089
1996-09-30,94.000082,94.000082,94.000082,94.000082,14400,2.885487
1996-09-27,92.500082,93.75,91.999918,93.75,26400,2.877811
1996-09-26,91.50,91.50,91.50,91.50,000,2.808743
1996-09-25,91.50,91.50,91.50,91.50,000,2.808743
1996-09-24,91.50,93.499918,91.50,91.50,12000,2.808743
1996-09-23,93.499918,93.499918,93.499918,93.499918,000,2.870134
1996-09-20,93.499918,93.499918,93.499918,93.499918,2400,2.870134
1996-09-19,91.999918,91.999918,91.000082,91.999918,60000,2.824089
1996-09-18,93.499918,93.499918,93.499918,93.499918,2400,2.870134
1996-09-17,91.000082,91.000082,91.000082,91.000082,12000,2.793397
1996-09-16,91.000082,91.000082,91.000082,91.000082,000,2.793397
1996-09-13,91.000082,91.000082,90.75,91.000082,50400,2.793397
1996-09-12,90.499918,93.499918,90.499918,91.999918,26400,2.824089
1996-09-11,90.499918,92.25,90.499918,92.25,4800,2.831766
1996-09-10,90.00,91.000082,90.00,91.000082,276000,2.793397
1996-09-09,89.749918,91.000082,89.749918,90.499918,115200,2.778044
1996-09-06,90.00,90.250082,90.00,90.250082,348000,2.770375
1996-09-05,90.499918,90.499918,89.500082,89.500082,7200,2.747352
1996-09-04,89.500082,89.500082,89.500082,89.500082,2400,2.747352
1996-09-03,89.25,89.25,89.25,89.25,7200,2.739676
1996-08-30,89.25,90.00,89.25,90.00,40800,2.762698
1996-08-29,89.25,89.25,89.25,89.25,26400,2.739676
1996-08-28,91.000082,91.000082,91.000082,91.000082,000,2.793397
1996-08-27,91.000082,91.000082,91.000082,91.000082,000,2.793397
1996-08-26,91.000082,91.000082,91.000082,91.000082,2400,2.793397
1996-08-23,89.35944,89.35944,89.35944,89.35944,2400,2.743035
1996-08-22,89.25,91.000082,89.25,91.000082,74400,2.793397
1996-08-21,90.00,90.00,90.00,90.00,000,2.762698
1996-08-20,91.000082,91.000082,89.749918,90.00,24000,2.762698
1996-08-19,90.499918,90.499918,90.499918,90.499918,2400,2.778044
1996-08-16,88.999918,89.35944,88.999918,89.35944,31200,2.743035
1996-08-15,89.500082,89.500082,88.750082,89.500082,136800,2.747352
1996-08-14,88.999918,89.500082,88.750082,88.750082,244800,2.72433
1996-08-13,88.50,88.50,88.50,88.50,4800,2.716653
1996-08-12,88.50,88.50,88.50,88.50,000,2.716653
1996-08-09,88.50,88.50,88.50,88.50,9600,2.716653
1996-08-08,88.50,88.50,88.50,88.50,2400,2.716653
1996-08-07,90.00,90.00,90.00,90.00,4800,2.762698
1996-08-06,90.00,90.00,90.00,90.00,4800,2.762698
1996-08-05,87.499918,90.00,87.499918,90.00,62400,2.762698
1996-08-02,88.50,88.50,87.00,88.50,60000,2.716653
1996-08-01,87.00,87.00,87.00,87.00,21600,2.670608
1996-07-31,87.250082,87.250082,87.250082,87.250082,000,2.678285
1996-07-30,87.250082,87.250082,87.250082,87.250082,000,2.678285
1996-07-29,87.250082,87.250082,87.250082,87.250082,4800,2.678285
1996-07-26,87.499918,87.499918,87.499918,87.499918,000,2.685954
1996-07-25,87.499918,87.499918,87.250082,87.499918,81600,2.685954
1996-07-24,88.000082,88.000082,87.00,87.00,76800,2.670608
1996-07-23,88.50,88.750082,88.50,88.50,208800,2.716653
1996-07-22,88.000082,88.000082,88.000082,88.000082,000,2.701307
1996-07-19,88.000082,88.000082,88.000082,88.000082,000,2.701307
1996-07-18,88.000082,88.000082,88.000082,88.000082,000,2.701307
1996-07-17,88.000082,88.000082,88.000082,88.000082,000,2.701307
1996-07-16,88.000082,88.50,88.000082,88.000082,14400,2.701307
1996-07-15,88.50,88.999918,88.50,88.50,134400,2.716653
1996-07-12,88.50,88.999918,88.50,88.50,31200,2.716653
1996-07-11,88.999918,88.999918,88.50,88.999918,43200,2.731999
1996-07-10,88.50,88.50,88.50,88.50,2400,2.716653
1996-07-09,91.999918,91.999918,91.999918,91.999918,000,2.824089
1996-07-08,91.999918,91.999918,91.999918,91.999918,12000,2.824089
1996-07-05,89.500082,89.500082,89.500082,89.500082,000,2.747352
1996-07-03,89.500082,89.500082,89.500082,89.500082,000,2.747352
1996-07-02,89.500082,89.500082,89.500082,89.500082,000,2.747352
1996-07-01,89.500082,89.500082,89.500082,89.500082,000,2.747352
1996-06-28,89.500082,89.500082,89.500082,89.500082,000,2.747352
1996-06-27,89.500082,89.500082,89.500082,89.500082,000,2.747352
1996-06-26,89.500082,94.000082,88.50,89.500082,9600,2.747352
1996-06-25,93.00,94.000082,93.00,93.00,9600,2.854788
1996-06-24,88.999918,88.999918,88.50,88.999918,76800,2.731999
1996-06-21,91.000082,91.000082,91.000082,91.000082,36000,2.793397
1996-06-20,88.999918,88.999918,88.999918,88.999918,000,2.731999
1996-06-19,88.999918,88.999918,88.999918,88.999918,000,2.731999
1996-06-18,88.999918,88.999918,88.999918,88.999918,000,2.731999
1996-06-17,88.999918,88.999918,88.000082,88.999918,69600,2.731999
1996-06-14,88.000082,88.000082,88.000082,88.000082,000,2.701307
1996-06-13,88.000082,91.12512,88.000082,88.000082,100800,2.701307
1996-06-12,88.249918,88.249918,87.499918,88.249918,50400,2.708976
1996-06-11,87.875038,87.875038,87.499918,87.875038,28800,2.697469
1996-06-10,87.75,88.999918,87.499918,87.75,108000,2.693631
1996-06-07,87.499918,87.499918,87.499918,87.499918,000,2.685954
1996-06-06,87.499918,87.499918,87.499918,87.499918,14400,2.685954
1996-06-05,87.75,88.999918,87.75,87.75,16800,2.693631
1996-06-04,87.499918,87.499918,87.499918,87.499918,2400,2.685954
1996-06-03,88.999918,88.999918,88.999918,88.999918,000,2.731999
1996-05-31,88.999918,88.999918,87.499918,88.999918,21600,2.731999
1996-05-30,87.499918,87.499918,87.499918,87.499918,000,2.685954
